0300:0333,0200,0336,0330,0332,0340,0350,0335,0336,0330,0342,0331,0331,0331,0342,0330,0330,0335,0335,0331,0331,0342,0330,0330,0330,0342,0331,0334,0334,0334,0351,0331,0331,0333,0333,0337,0337
0304:0333,0200,0336,0330,0332,0341,0342,0335,0342,0335,0342,0335,0342,0350,0335,0351,0336,0336,0330,0330,0341,0331,0331,0335,0330,0330,0341,0331,0331,0335,0330,0330,0341,0331,0331,0335,0330,0330,0341,0331,0331,0350,0334,0351,0337,0337,0330,0335,0335,0333,0337
0305:0333,0200,0336,0330,0332,0305,0342,0335,0342,0335,0342,0335,0342,0335,0342,0335,0341,0350,0335,0351,0336,0330,0336,0336,0341,0337,0337,0331,0335,0330,0336,0336,0341,0337,0337,0331,0335,0330,0336,0336,0341,0337,0337,0331,0335,0330,0336,0336,0341,0337,0337,0331,0335,0330,0336,0336,0341,0337,0337,0331,0350,0335,0304,0337,0331,0333,0337
0306:0333,0200,0336,0330,0332,0306,0342,0335,0342,0335,0342,0335,0342,0335,0342,0335,0341,0350,0335,0351,0336,0330,0336,0336,0341,0337,0337,0331,0335,0330,0336,0336,0341,0337,0337,0331,0335,0330,0336,0336,0341,0337,0337,0331,0335,0330,0336,0336,0341,0337,0337,0331,0335,0330,0336,0336,0341,0337,0337,0331,0350,0335,0335,0335,0337,0342,0334,0336,0330,0336,0336,0341,0337,0337,0331,0304,0335,0337,0331,0333,0337
0310:0333,0200,0336,0332,0350,0335,0310,0337,0342,0330,0334,0334,0342,0330,0334,0334,0342,0330,0334,0334,0342,0330,0334,0334,0334,0351,0336,0313,0333,0337
0311:0335,0305,0342,0334,0311,0337,0342,0336,0335,0330,0334,0350,0334,0337,0342,0334,0334,0304,0336,0313,0335,0200,0334,0305,0350,0335,0342,0330,0335,0335,0335,0311,0336,0342,0330,0334,0334,0334,0336,0342,0335,0335,0335,0337,0331,0334,0334,0334,0337,0331,0334,0313,0304,0335
0312:0333,0200,0352,0334,0342,0330,0334,0334,0334,0334,0342,0334,0312,0337,0313,0336,0342,0330,0334,0334,0334,0334,0336,0342,0334,0334,0304,0312,0336,0313,0337,0333,0337
0313:0333,0200,0336,0336,0332,0332,0330,0342,0334,0342,0330,0335,0342,0330,0335,0342,0330,0342,0330,0335,0342,0330,0335,0342,0335,0331,0333,0337,0337
0314:0333,0200,0314,0336,0332,0332,0330,0200,0333,0200,0333,0200,0331,0337,0313
0317:0333,0200,0336,0336,0330,0332,0336,0330,0333,0337,0342,0336,0330,0334,0337,0337,0342,0330,0336,0342,0330,0335,0336,0342,0331,0342,0332,0330,0337,0337,0333,0333,0331,0337
0330:0333,0200,0313,0336,0336,0330,0332,0336,0332,0337,0342,0334,0342,0330,0335,0342,0330,0334,0336,0342,0330,0335,0350,0335,0337,0310,0337,0342,0330,0335,0335,0342,0330,0335,0335,0335,0336,0313,0336,0342,0330,0351,0335,0331,0331,0331,0331,0333,0333,0333,0337,0337,0337
0331:0333,0200,0335,0335,0333,0331,0313,0336,0336,0330,0332,0336,0332,0337,0342,0334,0342,0330,0335,0342,0330,0334,0336,0342,0330,0335,0350,0335,0337,0310,0337,0342,0330,0335,0335,0342,0330,0335,0335,0335,0336,0313,0336,0342,0330,0351,0335,0331,0331,0331,0331,0333,0333,0333,0337,0337,0337,0332,0335,0335,0331
0332:0333,0200,0334,0333,0313,0336,0336,0330,0332,0336,0332,0337,0342,0334,0342,0330,0335,0342,0330,0334,0336,0342,0330,0335,0350,0335,0337,0310,0337,0342,0330,0335,0335,0342,0330,0335,0335,0335,0336,0313,0336,0342,0330,0351,0335,0331,0331,0331,0331,0333,0333,0333,0337,0337,0337,0335,0331
0333:0333,0200,0335,0331,0313,0336,0336,0330,0332,0336,0332,0337,0342,0334,0342,0330,0335,0342,0330,0334,0336,0342,0330,0335,0350,0335,0337,0310,0337,0342,0330,0335,0335,0342,0330,0335,0335,0335,0336,0313,0336,0342,0330,0351,0335,0331,0331,0331,0331,0333,0333,0333,0337,0337,0337,0330,0334
0334:0333,0200,0336,0330,0332,0336,0350,0343,0334,0334,0343,0334,0334,0343,0334,0342,0335,0330,0336,0330,0334,0334,0334,0337,0342,0334,0351,0336,0331,0337,0337,0333,0337
0335:0333,0200,0336,0330,0332,0336,0350,0343,0334,0334,0343,0334,0334,0343,0334,0334,0334,0342,0334,0330,0336,0330,0335,0335,0335,0337,0342,0336,0335,0331,0351,0337,0337,0332,0335,0335,0337,0331
0336:0333,0200,0336,0330,0334,0336,0330,0337,0342,0336,0331,0335,0337,0331,0337
0337:0333,0200,0336,0330,0332,0336,0342,0334,0342,0334,0342,0334,0342,0330,0330,0334,0337,0331,0337
0340:0333,0200,0336,0330,0332,0340,0333,0331,0337
0341:0333,0200,0336,0330,0332,0341,0340,0333,0331,0337
0342:0333,0200,0336,0330,0332,0334,0336,0342,0330,0340,0331,0335,0335,0342,0330,0340,0333,0333,0330,0334,0337,0337
0343:0333,0200,0336,0330,0332,0350,0343,0335,0342,0334,0334,0342,0335,0340,0351,0331,0333,0337
0350:0333,0200,0336,0330,0332,0350,0335,0342,0335,0335,0342,0334,0336,0336,0342,0330,0330,0342,0331,0331,0351,0337,0337,0334,0333,0331,0337
0351:0333,0200,0336,0332,0330,0350,0335,0336,0336,0342,0330,0330,0342,0330,0330,0342,0331,0331,0331,0331,0335,0337,0337,0342,0335,0342,0334,0351,0333,0330,0334,0337
0352:0333,0200,0336,0330,0332,0335,0350,0352,0334,0334,0334,0342,0335,0335,0336,0336,0342,0330,0330,0342,0331,0331,0335,0335,0342,0330,0330,0342,0331,0331,0335,0335,0337,0337,0342,0335,0335,0335,0351,0353,0330,0334,0334,0333,0337
0353:0333,0200,0336,0330,0332,0335,0350,0352,0334,0342,0335,0335,0342,0335,0335,0336,0336,0342,0330,0330,0342,0331,0331,0334,0334,0334,0334,0334,0334,0342,0330,0330,0342,0331,0331,0335,0335,0335,0351,0353,0337,0337,0333,0330,0334,0337
0360:0333,0200,0336,0336,0330,0332,0332,0330,0341,0332,0334,0336,0342,0330,0334,0337,0342,0330,0336,0342,0330,0334,0337,0337,0342,0330,0336,0342,0330,0334,0342,0330,0336,0342,0330,0334,0342,0335,0333,0337,0337,0331,0337
0361:0333,0200,0336,0330,0332,0336,0350,0343,0334,0343,0334,0343,0335,0335,0335,0335,0343,0334,0334,0351,0331,0334,0336,0330,0342,0330,0334,0342,0330,0334,0342,0330,0342,0330,0342,0330,0342,0330,0334,0342,0330,0334,0342,0335,0333,0333,0331,0331,0337,0337,0337
0370:0333,0200,0336,0336,0332,0332,0336,0330,0337,0337,0342,0330,0336,0342,0331,0335,0342,0330,0336,0342,0330,0334,0342,0330,0337,0342,0330,0337,0336,0336,0342,0330,0334,0342,0330,0342,0330,0342,0330,0335,0331,0331,0331,0331,0331,0333,0333,0335,0335,0342,0330,0334,0350,0334,0342,0334,0334,0342,0335,0351,0332,0332,0330,0330,0330,0333,0335,0306,0342,0336,0331,0337,0337,0342,0330,0334,0334,0342,0330,0334,0334,0342,0330,0334,0334,0304,0334,0333,0333,0336,0336,0332,0337,0337,0337,0331,0337
0371:0333,0200,0336,0336,0332,0332,0336,0330,0337,0337,0342,0330,0336,0342,0331,0335,0342,0330,0336,0342,0330,0334,0342,0330,0337,0342,0330,0337,0336,0336,0342,0330,0334,0342,0330,0342,0330,0342,0330,0335,0331,0331,0332,0332,0335,0342,0330,0334,0334,0350,0335,0342,0334,0334,0342,0335,0335,0335,0351,0333,0336,0331,0331,0331,0333,0335,0337,0337,0306,0342,0330,0334,0334,0342,0330,0334,0334,0342,0330,0334,0334,0304,0330,0330,0336,0336,0331,0334,0337,0337,0337,0331,0336,0336,0336,0330,0337,0337,0337,0337
0372:0333,0200,0336,0336,0332,0332,0336,0330,0337,0337,0342,0330,0336,0342,0331,0335,0342,0330,0336,0342,0330,0334,0342,0330,0337,0342,0330,0337,0336,0336,0342,0330,0334,0342,0330,0342,0330,0342,0330,0335,0331,0331,0331,0331,0331,0333,0333,0335,0335,0342,0330,0334,0350,0334,0342,0334,0334,0342,0335,0351,0332,0332,0330,0330,0330,0336,0331,0333,0337,0337,0342,0330,0335,0342,0330,0335,0342,0330,0335,0342,0330,0335,0333,0333,0336,0336,0332,0337,0337,0337,0331,0336,0336,0336,0330,0337,0337,0337,0337
0373:0333,0200,0336,0336,0332,0332,0336,0330,0337,0337,0342,0330,0336,0342,0331,0335,0342,0330,0336,0342,0330,0334,0342,0330,0337,0342,0330,0337,0336,0336,0342,0330,0334,0342,0330,0342,0330,0342,0330,0335,0331,0331,0332,0332,0335,0342,0330,0334,0334,0350,0335,0342,0334,0334,0342,0335,0335,0335,0351,0333,0331,0331,0336,0330,0333,0337,0337,0342,0330,0335,0342,0330,0335,0342,0330,0335,0342,0330,0335,0333,0333,0331,0331,0336,0336,0330,0332,0337,0337,0337,0337
0374:0333,0200,0336,0336,0332,0332,0336,0330,0337,0337,0342,0330,0336,0342,0331,0335,0342,0330,0336,0342,0330,0334,0342,0330,0337,0342,0330,0337,0336,0336,0342,0330,0334,0342,0330,0342,0330,0342,0330,0335,0331,0331,0331,0331,0331,0333,0333,0335,0335,0342,0330,0334,0350,0334,0342,0334,0334,0342,0335,0351,0332,0332,0330,0330,0330,0333,0335,0305,0342,0330,0334,0342,0330,0334,0342,0330,0334,0342,0330,0334,0342,0330,0334,0304,0334,0333,0333,0333,0331,0331,0331,0331,0337,0337,0337
0375:0333,0200,0336,0336,0332,0332,0336,0330,0337,0337,0342,0330,0336,0342,0331,0335,0342,0330,0336,0342,0330,0334,0342,0330,0337,0342,0330,0337,0336,0336,0342,0330,0334,0342,0330,0342,0330,0342,0330,0335,0331,0331,0332,0332,0335,0342,0330,0334,0334,0350,0335,0342,0334,0334,0342,0335,0335,0335,0351,0333,0331,0331,0333,0330,0335,0305,0342,0330,0334,0342,0330,0334,0342,0330,0334,0342,0330,0334,0342,0330,0334,0304,0330,0330,0330,0334,0331,0331,0331,0331,0337,0337,0337
0376:0333,0200,0336,0336,0332,0332,0336,0330,0337,0337,0342,0330,0336,0342,0331,0335,0342,0330,0336,0342,0330,0334,0342,0330,0337,0342,0330,0337,0336,0336,0342,0330,0334,0342,0330,0342,0330,0342,0330,0335,0331,0331,0331,0331,0331,0333,0333,0335,0335,0342,0330,0334,0350,0334,0342,0334,0334,0342,0335,0351,0332,0332,0330,0330,0330,0335,0330,0306,0342,0330,0334,0342,0330,0334,0342,0330,0334,0342,0330,0334,0342,0330,0334,0342,0330,0334,0304,0330,0330,0330,0334,0337,0337,0331,0337
0377:0333,0200,0336,0336,0332,0332,0336,0330,0337,0337,0342,0330,0336,0342,0331,0335,0342,0330,0336,0342,0330,0334,0342,0330,0337,0342,0330,0337,0336,0336,0342,0330,0334,0342,0330,0342,0330,0342,0330,0335,0331,0331,0332,0332,0335,0342,0330,0334,0334,0350,0335,0342,0334,0334,0342,0335,0335,0335,0351,0333,0331,0333,0335,0306,0342,0330,0334,0342,0330,0334,0342,0330,0334,0342,0330,0334,0342,0330,0334,0342,0330,0334,0304,0333,0330,0330,0330,0334,0331,0331,0331,0337,0337,0337
