0040:0333
0041:0333,0336,0336,0332,0332,0332,0330,0336,0331,0336,0341,0330,0330,0330,0337,0337,0337,0342,0336,0336,0336,0331,0331,0331,0331,0331,0337,0337,0333,0337,0337
0042:0333,0330,0336,0332,0336,0332,0331,0342,0333,0342,0333,0330,0337,0337,0331
0043:0333,0336,0336,0332,0332,0332,0333,0336,0332,0337,0337,0337,0342,0336,0336,0333,0337,0337,0342,0336,0336,0332,0332,0336,0332,0330,0330,0330,0335,0337,0337,0337,0342,0336,0336,0336,0332,0332,0337,0337,0337,0342,0336,0336,0336,0332,0332,0332,0337,0337,0337,0330,0334,0331
0044:0333,0336,0330,0332,0336,0330,0350,0335,0335,0334,0350,0343,0334,0334,0343,0334,0334,0343,0334,0334,0343,0334,0334,0343,0334,0334,0330,0330,0343,0335,0335,0343,0335,0335,0334,0334,0334,0334,0334,0334,0343,0334,0334,0343,0334,0334,0343,0334,0334,0343,0335,0335,0335,0335,0335,0335,0335,0335,0351,0351,0330,0335,0335,0333,0333,0337,0337,0336,0332,0337,0342,0336,0333,0337
0045:0333,0336,0332,0332,0350,0335,0337,0310,0337,0342,0336,0313,0334,0351,0336,0336,0330,0330,0330,0333,0341,0331,0331,0331,0333,0333,0330,0341,0333,0331,0337,0337
0046:0333,0336,0332,0330,0336,0330,0341,0331,0334,0350,0334,0342,0334,0330,0343,0335,0335,0343,0334,0334,0334,0334,0334,0334,0351,0333,0350,0334,0342,0335,0335,0335,0335,0342,0334,0334,0336,0342,0334,0351,0331,0331,0333,0333,0337,0337,0337
0047:0333,0336,0330,0332,0336,0330,0342,0333,0333,0331,0331,0331,0337,0337
0050:0333,0336,0330,0334,0331,0331,0337,0337,0350,0350,0350,0343,0350,0334,0334,0343,0335,0335,0335,0335,0335,0343,0334,0334,0334,0351,0351,0351,0351,0336,0330,0335,0336,0332,0331,0337
0051:0333,0336,0330,0335,0337,0331,0331,0337,0350,0350,0350,0343,0350,0334,0334,0343,0335,0335,0335,0335,0343,0334,0334,0351,0351,0351,0351,0330,0335,0335,0335,0336,0336,0331,0336,0333,0337,0337
0052:0333,0336,0332,0330,0352,0342,0335,0335,0342,0335,0335,0342,0335,0335,0342,0335,0335,0342,0335,0335,0342,0335,0335,0353,0331,0333,0337
0053:0333,0336,0330,0332,0336,0342,0335,0342,0335,0342,0335,0342,0335,0331,0331,0333,0333,0337,0337
0054:0333,0336,0332,0336,0334,0350,0334,0342,0335,0351,0335,0333,0337,0337
0055:0333,0336,0330,0332,0335,0336,0342,0331,0342,0333,0333,0330,0330,0330,0334,0337,0337
0056:0333,0336,0332,0336,0336,0341,0333,0333,0333,0337,0337,0337
0057:0333,0332,0350,0335,0310,0337,0342,0336,0313,0334,0351,0333
0060:0333,0336,0330,0332,0336,0341,0350,0335,0337,0342,0335,0335,0335,0335,0342,0335,0335,0335,0351,0331,0333,0337
0061:0313,0336,0336,0332,0337,0337,0333,0336,0332,0336,0336,0330,0334,0342,0335,0335,0342,0334,0337,0337,0342,0330,0336,0342,0330,0350,0334,0334,0334,0310,0336,0342,0337,0313,0334,0351,0330,0337,0330,0336,0336,0330,0337,0337,0334,0334,0336,0333,0337,0337
0062:0333,0336,0330,0332,0336,0350,0336,0343,0335,0335,0343,0335,0335,0330,0335,0342,0334,0334,0334,0334,0342,0334,0334,0335,0351,0331,0334,0342,0335,0335,0342,0334,0331,0331,0337,0337,0333,0337
0063:0333,0336,0332,0330,0336,0350,0336,0330,0330,0343,0335,0335,0343,0335,0335,0350,0334,0343,0335,0330,0330,0351,0351,0334,0334,0350,0350,0335,0343,0335,0335,0335,0351,0343,0335,0335,0343,0351,0335,0335,0337,0337,0333,0331,0337
0064:0333,0336,0332,0337,0342,0336,0330,0334,0342,0330,0335,0350,0335,0342,0334,0351,0331,0337,0336,0333,0336,0333,0337,0337
0065:0333,0336,0332,0330,0336,0342,0330,0335,0342,0333,0333,0343,0333,0330,0330,0334,0337,0337
0066:0333,0336,0336,0332,0332,0330,0341,0332,0350,0350,0335,0337,0337,0342,0336,0336,0334,0351,0351,0333,0333,0333,0331,0337,0337
0067:0333,0336,0332,0350,0350,0335,0337,0342,0330,0334,0334,0334,0334,0334,0336,0342,0351,0351,0335,0350,0350,0335,0337,0331,0334,0351,0351,0336,0333,0337
0070:0333,0336,0332,0336,0330,0341,0330,0330,0341,0333,0333,0331,0331,0331,0337,0337
0071:0333,0336,0336,0332,0337,0337,0342,0336,0330,0336,0330,0332,0341,0333,0333,0330,0337,0337,0331
0072:0333,0336,0332,0330,0336,0336,0336,0341,0331,0331,0331,0331,0331,0331,0331,0341,0333,0333,0333,0333,0331,0337,0337,0337,0337
0073:0333,0336,0332,0330,0336,0336,0336,0341,0331,0331,0331,0331,0334,0334,0337,0337,0350,0335,0342,0335,0351,0335,0331,0333,0337,0337
0074:0333,0336,0330,0332,0350,0335,0342,0335,0335,0342,0335,0351,0330,0335,0335,0333,0337
0075:0333,0336,0336,0332,0330,0334,0337,0342,0336,0333,0337,0342,0336,0332,0332,0335,0333,0337,0337
0076:0333,0336,0330,0332,0350,0334,0342,0334,0334,0342,0335,0335,0335,0351,0331,0333
0077:0333,0336,0336,0332,0332,0330,0336,0331,0341,0330,0330,0342,0330,0330,0330,0343,0335,0335,0350,0334,0343,0335,0351,0330,0342,0335,0335,0337,0331,0331,0331,0336,0330,0333,0333,0333,0337,0337,0337
0100:0333,0336,0332,0330,0336,0336,0341,0337,0343,0334,0343,0334,0334,0336,0330,0342,0331,0337,0350,0335,0335,0343,0351,0330,0330,0335,0335,0333,0333,0337,0337
0101:0311,0305,0350,0350,0335,0342,0351,0335,0336,0333,0334,0334,0337,0342,0336,0336,0330,0334,0334,0342,0335,0335,0331,0350,0335,0337,0337,0304
0102:0304,0313,0336,0336,0336,0333,0337,0337,0337,0342,0330,0335,0336,0336,0342,0333,0333,0342,0332,0330,0343,0333,0333,0343,0333,0331,0342,0334,0337,0333,0336,0336,0333,0337,0337,0337
0103:0333,0336,0330,0332,0334,0343,0335,0335,0350,0334,0334,0343,0335,0335,0335,0335,0343,0351,0330,0335,0335,0333,0337
0104:0333,0332,0336,0336,0333,0337,0337,0342,0336,0330,0350,0335,0343,0335,0335,0343,0335,0351,0330,0335,0335,0336,0333,0337,0333,0337
0105:0333,0336,0332,0336,0332,0337,0337,0342,0335,0336,0342,0332,0336,0342,0337,0332,0342,0336,0331,0334,0337,0337,0333,0331
0106:0333,0336,0332,0336,0332,0337,0337,0342,0335,0336,0332,0336,0342,0337,0332,0342,0336,0331,0334,0337,0337,0333,0331
0107:0333,0336,0330,0332,0334,0343,0335,0335,0350,0334,0334,0343,0335,0335,0335,0335,0343,0351,0330,0335,0335,0333,0337,0336,0336,0332,0336,0333,0337,0342,0330,0334,0342,0335,0331,0333,0337,0337
0110:0333,0336,0336,0332,0337,0337,0342,0336,0332,0337,0342,0336,0330,0335,0342,0330,0334,0331,0336,0333,0337,0337
0111:0333,0336,0336,0332,0334,0337,0342,0336,0330,0335,0337,0337,0342,0330,0336,0336,0334,0342,0335,0335,0342,0330,0330,0334,0337,0337,0331
0112:0333,0336,0330,0332,0336,0342,0330,0336,0342,0330,0334,0342,0335,0335,0342,0334,0331,0337,0331,0335,0335,0342,0333,0330,0343,0335,0335,0333,0331,0337,0333,0337
0113:0333,0336,0332,0337,0342,0336,0330,0350,0335,0310,0337,0342,0336,0313,0335,0335,0310,0337,0342,0336,0313,0335,0351,0330,0335,0335,0333,0337
0114:0333,0336,0332,0336,0332,0337,0337,0342,0336,0335,0342,0330,0336,0330,0334,0337,0337
0115:0333,0336,0332,0336,0332,0337,0337,0342,0336,0333,0337,0342,0330,0334,0350,0334,0336,0342,0335,0330,0334,0334,0334,0342,0334,0334,0334,0351,0336,0332,0337,0337,0333,0331
0116:0333,0336,0332,0336,0332,0337,0337,0342,0336,0333,0337,0342,0336,0332,0330,0330,0335,0350,0335,0350,0335,0337,0342,0335,0351,0351,0330,0335,0335,0333,0336,0336,0332,0337,0337
0117:0333,0336,0330,0332,0341,0331,0333,0337
0120:0333,0332,0336,0336,0333,0337,0337,0342,0336,0330,0336,0330,0333,0341,0333,0333,0330,0337,0337,0331
0121:0333,0336,0330,0332,0341,0335,0335,0336,0330,0332,0350,0334,0337,0342,0334,0351,0334,0333,0331,0336,0330,0337,0337
0122:0333,0332,0336,0336,0333,0337,0337,0342,0336,0330,0336,0330,0335,0343,0333,0350,0335,0350,0335,0337,0342,0335,0351,0351,0330,0335,0335,0333,0337
0123:0333,0336,0330,0332,0336,0330,0350,0335,0335,0334,0350,0343,0334,0334,0343,0334,0334,0343,0334,0334,0343,0334,0334,0343,0334,0334,0330,0330,0343,0335,0335,0343,0335,0335,0334,0334,0334,0334,0334,0334,0343,0334,0334,0343,0334,0334,0343,0334,0334,0343,0335,0335,0335,0335,0335,0335,0335,0335,0351,0351,0330,0335,0335,0333,0333,0337,0337
0124:0333,0336,0332,0337,0342,0330,0336,0335,0342,0331,0342,0330,0330,0334,0337,0331
0125:0333,0336,0336,0330,0332,0337,0342,0330,0336,0342,0331,0331,0332,0332,0342,0330,0342,0330,0342,0331,0331,0333,0335,0335,0343,0330,0335,0335,0337,0333,0337
0126:0333,0336,0332,0350,0350,0335,0337,0342,0334,0334,0342,0335,0335,0334,0351,0351,0336,0333,0337
0127:0333,0330,0334,0350,0350,0334,0334,0334,0350,0334,0342,0334,0351,0351,0351,0333,0350,0350,0350,0334,0342,0335,0330,0351,0351,0351,0336,0336,0332,0334,0350,0334,0334,0350,0335,0337,0342,0334,0351,0351,0333,0350,0350,0334,0342,0335,0351,0351,0336,0333,0337,0337
0130:0333,0350,0334,0342,0332,0335,0335,0342,0310,0337,0342,0336,0333,0334,0334,0337,0342,0336,0313,0335,0351
0131:0333,0336,0332,0342,0330,0350,0335,0342,0334,0334,0342,0335,0351,0331,0333,0337
0132:0333,0334,0342,0333,0342,0350,0334,0310,0337,0342,0336,0313,0335,0336,0330,0334,0334,0330,0335,0335,0336,0342,0351,0335,0335,0342,0333,0333,0330,0330,0334,0337,0337
0133:0333,0336,0336,0332,0332,0337,0337,0342,0330,0335,0336,0336,0342,0337,0337,0333,0336,0336,0342,0330,0330,0334,0337,0337
0134:0333,0336,0336,0332,0337,0337,0350,0350,0334,0342,0335,0351,0351,0336,0336,0333,0337,0337
0135:0333,0336,0336,0332,0337,0337,0342,0336,0336,0334,0342,0333,0333,0333,0333,0342,0335,0333,0337,0337,0331
0136:0333,0330,0336,0332,0334,0334,0350,0335,0342,0334,0334,0342,0334,0351,0334,0333,0337,0331
0137:0333,0334,0336,0336,0330,0337,0342,0336,0331,0335,0337,0337
0140:0333,0336,0332,0330,0336,0330,0350,0334,0342,0335,0351,0330,0333,0333,0337,0337,0331
0141:0333,0336,0332,0336,0330,0341,0333,0342,0331,0342,0330,0330,0332,0343,0333,0333,0331,0331,0337,0337
0142:0333,0336,0336,0332,0332,0332,0337,0337,0342,0336,0336,0330,0333,0341,0333,0333,0331,0337,0337
0143:0333,0336,0332,0336,0330,0350,0343,0334,0334,0343,0334,0334,0343,0334,0334,0330,0330,0334,0334,0351,0331,0337,0337
0144:0333,0336,0336,0332,0332,0337,0337,0342,0336,0336,0330,0332,0341,0333,0333,0331,0337,0337
0145:0333,0336,0336,0332,0330,0332,0343,0334,0334,0350,0335,0343,0334,0343,0335,0335,0342,0351,0335,0335,0342,0333,0330,0330,0334,0337,0337
0146:0333,0336,0336,0332,0332,0337,0342,0330,0336,0336,0342,0330,0333,0343,0332,0331,0331,0335,0337,0336,0342,0334,0334,0342,0335,0331,0331,0331,0333,0333,0333,0333,0337,0337,0337
0147:0333,0336,0332,0336,0330,0341,0333,0342,0331,0342,0331,0342,0331,0342,0332,0335,0335,0343,0331,0331,0332,0332,0334,0334,0337,0337
0150:0333,0336,0336,0332,0332,0332,0337,0337,0342,0336,0336,0330,0336,0333,0343,0333,0331,0342,0331,0342,0337,0333,0337,0337
0151:0333,0336,0336,0332,0332,0332,0342,0330,0336,0342,0330,0330,0330,0336,0341,0331,0331,0331,0331,0331,0331,0331,0331,0331,0331,0337,0333,0333,0337,0337,0337
0152:0333,0336,0336,0332,0332,0332,0342,0331,0342,0332,0335,0335,0343,0332,0331,0331,0331,0336,0336,0341,0330,0330,0330,0330,0330,0330,0330,0330,0335,0335,0337,0333,0333,0337,0337,0337
0153:0333,0336,0336,0332,0332,0332,0337,0342,0330,0336,0342,0331,0350,0335,0342,0335,0335,0310,0337,0342,0336,0313,0334,0351,0334,0331,0333,0333,0337,0337
0154:0333,0336,0336,0332,0332,0332,0336,0336,0350,0335,0342,0334,0337,0337,0337,0342,0330,0336,0342,0330,0334,0334,0334,0336,0342,0335,0351,0335,0337,0331,0331,0331,0333,0337,0337
0155:0333,0336,0332,0336,0332,0336,0332,0337,0337,0342,0336,0333,0330,0336,0332,0343,0333,0333,0343,0332,0331,0342,0331,0342,0337,0333,0342,0333,0337,0337
0156:0333,0336,0332,0336,0332,0336,0332,0337,0337,0342,0336,0333,0330,0336,0332,0343,0333,0331,0331,0337,0342,0333,0337,0337
0157:0333,0336,0332,0336,0332,0330,0341,0333,0333,0331,0337,0337
0160:0333,0336,0332,0336,0332,0342,0335,0335,0337,0342,0336,0331,0332,0341,0333,0334,0334,0342,0331,0333,0333,0333,0337,0337
0161:0333,0336,0332,0336,0330,0332,0341,0333,0342,0331,0331,0337,0342,0336,0333,0334,0334,0336,0333,0343,0335,0335,0330,0330,0333,0333,0333,0337,0337,0337
0162:0333,0336,0332,0336,0332,0337,0342,0330,0336,0336,0342,0350,0335,0350,0337,0337,0335,0342,0335,0351,0351,0330,0334,0331,0336,0336,0333,0337,0337,0337
0163:0333,0336,0336,0332,0332,0330,0336,0330,0350,0343,0334,0334,0343,0334,0350,0334,0343,0334,0351,0330,0330,0343,0334,0334,0343,0334,0334,0335,0343,0334,0351,0331,0333,0333,0337,0337,0337
0164:0333,0336,0332,0342,0330,0336,0342,0334,0342,0335,0335,0342,0333,0333,0336,0330,0335,0343,0335,0335,0333,0333,0333,0337,0337,0337
0165:0333,0336,0336,0332,0332,0332,0337,0342,0336,0330,0333,0335,0335,0343,0332,0335,0335,0342,0333,0331,0337,0337
0166:0333,0336,0332,0350,0350,0334,0342,0335,0335,0342,0334,0351,0351,0333,0337
0167:0333,0336,0332,0336,0332,0350,0350,0334,0342,0335,0335,0342,0334,0351,0351,0333,0350,0350,0334,0342,0335,0335,0342,0334,0351,0351,0333,0337,0337
0170:0333,0336,0332,0336,0332,0350,0335,0310,0337,0342,0336,0334,0351,0333,0350,0334,0337,0342,0336,0335,0351,0313,0337,0336,0333,0337,0337
0171:0333,0336,0332,0336,0350,0335,0337,0350,0334,0342,0334,0334,0342,0334,0334,0334,0334,0334,0334,0342,0334,0351,0351,0335,0335,0333,0337
0172:0333,0336,0332,0336,0334,0342,0335,0335,0342,0332,0332,0342,0334,0334,0342,0332,0350,0334,0342,0335,0335,0335,0335,0342,0335,0336,0342,0334,0334,0334,0334,0342,0335,0335,0351,0333,0333,0333,0333,0331,0331,0337,0337,0337
0173:0333,0336,0330,0332,0336,0336,0330,0334,0350,0334,0342,0335,0335,0335,0342,0330,0335,0342,0334,0331,0331,0331,0334,0342,0335,0331,0342,0335,0335,0335,0342,0335,0351,0335,0335,0331,0331,0333,0333,0337,0337,0337
0174:0333,0336,0332,0337,0342,0330,0336,0336,0342,0337,0337,0331,0336,0336,0331,0342,0330,0333,0337,0337
0175:0333,0336,0336,0332,0332,0330,0330,0336,0330,0342,0330,0350,0334,0342,0335,0331,0335,0335,0335,0342,0335,0330,0330,0334,0334,0334,0342,0335,0335,0335,0342,0330,0335,0342,0334,0351,0330,0330,0335,0335,0333,0333,0333,0337,0337,0337
0176:0333,0336,0330,0332,0330,0336,0331,0350,0334,0342,0335,0335,0342,0334,0351,0332,0350,0335,0342,0334,0351,0333,0333,0333,0331,0331,0331,0337,0337
