0200:0333,0200,0336,0336,0330,0332,0337,0200,0336,0331,0333,0337,0337
0201:0333,0200,0201,0201,0201,0201,0201,0201,0337,0337,0337,0337,0330,0334,0331,0313,0336,0336,0336,0330,0333,0337,0337,0337,0337
0202:0333,0200,0336,0332,0330,0200,0310,0202,0202,0202,0202,0334,0334,0337,0337,0337,0337,0313,0333,0331,0337
0203:0333,0200
0204:0333,0200
0205:0333,0200
0206:0333,0200
0207:0333,0200
0210:0333,0200,0336,0330,0335,0331,0331,0337,0210,0334,0336,0331,0337
0211:0333,0200,0336,0330,0335,0331,0331,0337,0211,0334,0336,0331,0337
0212:0333,0200,0336,0330,0332,0335,0335,0331,0342,0330,0335,0310,0336,0342,0330,0334,0334,0350,0335,0337,0342,0330,0334,0334,0342,0330,0334,0334,0334,0336,0342,0335,0335,0351,0332,0337,0313,0333,0331,0337
0213:0333,0200
0214:0333,0200,0336,0330,0335,0331,0331,0337,0214,0334,0336,0331,0337
0215:0333,0200,0336,0330,0335,0331,0331,0337,0215,0334,0336,0331,0337
0216:0333,0200,0336,0330,0335,0331,0331,0337,0216,0334,0336,0331,0337
0217:0333,0200,0336,0330,0332,0336,0331,0337,0337,0217,0336,0336,0333,0333,0331,0337,0337
0220:0333,0200,0336,0330,0332,0336,0331,0334,0334,0337,0337,0777,0336,0342,0333,0336,0331,0337,0337
0221:0333,0200,0336,0330,0332,0777,0334,0336,0331,0337,0337
0222:0333,0200,0336,0332,0337,0777,0336,0333,0337,0331
0223:0333,0200,0332,0336,0330,0335,0337,0777,0336,0334,0331,0337
0224:0333,0200,0336,0332,0337,0777,0336,0333,0337,0331
0225:0333,0200,0336,0332,0337,0777,0336,0333,0337,0331
0226:0333,0200
0227:0333,0200
