0300:040,040,040,040,040,040,0170,040,075,040,0170,060,073,012,040,040,040,040,040,040,0171,040,075,040,0171,060,073,012,040,040,040,040,040,040,0164,0150,0145,0164,0141,040,075,040,0164,0150,0145,0164,0141,060,073,012,040,040,040,040,040,040,0163,0151,0144,0145,040,075,040,0165,0156,0151,0164,073,012,040,040,040,040,040,040,0164,0150,0145,0164,0141,0123,0164,0145,0160,040,075,040,0115,0141,0164,0150,056,0120,0111,057,062,073,012,040,040,040,040,040,040,0163,0143,0141,0154,0145,0106,0141,0143,0164,0157,0162,040,075,040,062,073,012,040,040,040,040,040,040,0143,0164,0170,056,0154,0151,0156,0145,0127,0151,0144,0164,0150,040,075,040,062,073,012,040,040,040,040,040,040,0143,0164,0170,056,0163,0164,0162,0157,0153,0145,0123,0164,0171,0154,0145,075,042,0147,0162,0145,0145,0156,042,073,012,040,040,040,040,040,040,0143,0164,0170,056,0146,0151,0154,0154,0123,0164,0171,0154,0145,075,042,0147,0162,0145,0145,0156,042,073,012,040,040,040,040,
0304:040,040,040,040,040,040,0164,0150,0145,0164,0141,0123,0164,0145,0160,040,075,040,0115,0141,0164,0150,056,0120,0111,057,062,073,012,040,040,040,040,
0305:040,040,040,040,040,040,0164,0150,0145,0164,0141,0123,0164,0145,0160,040,075,040,062,052,0115,0141,0164,0150,056,0120,0111,057,065,073,012,040,040,040,040,
0306:040,040,040,040,040,040,0164,0150,0145,0164,0141,0123,0164,0145,0160,040,075,040,0115,0141,0164,0150,056,0120,0111,057,063,073,012,040,040,040,040,
0310:040,040,040,040,040,040,040,0163,0143,0141,0154,0145,0106,0141,0143,0164,0157,0162,040,075,040,0115,0141,0164,0150,056,0163,0161,0162,0164,050,062,051,073,040,012,040,040,040,040,
0311:040,040,040,040,040,040,040,0163,0143,0141,0154,0145,0106,0141,0143,0164,0157,0162,040,075,040,0160,0150,0151,073,040,057,057,042,0147,0157,0154,0144,0145,0156,042,040,0162,0141,0164,0151,0157,040,012,040,040,040,040,
0312:040,040,040,040,040,040,040,0163,0143,0141,0154,0145,0106,0141,0143,0164,0157,0162,040,075,040,0115,0141,0164,0150,056,0163,0161,0162,0164,050,063,051,073,040,012,040,040,040,040,
0313:040,040,040,040,040,040,0163,0143,0141,0154,0145,0106,0141,0143,0164,0157,0162,040,075,040,062,073,040,040,057,057,062,0170,012,040,040,040,040,
0314:040,040,040,040,040,040,0163,0143,0141,0154,0145,0106,0141,0143,0164,0157,0162,040,075,040,063,073,040,040,057,057,063,0170,012,040,040,040,040,
0315:040,040,040,040,040,040,0163,0143,0141,0154,0145,0106,0141,0143,0164,0157,0162,040,075,040,063,056,061,064,061,065,071,073,040,040,057,057,0160,0151,052,012,040,040,040,040,
0316:040,040,040,040,040,040,0163,0143,0141,0154,0145,0106,0141,0143,0164,0157,0162,040,075,040,065,073,040,040,057,057,065,052,012,040,040,040,040,
0317:040,040,040,040,040,040,040,0163,0151,0144,0145,040,075,040,0165,0156,0151,0164,073,040,012,040,040,040,040,
0320:011,011,0143,0164,0170,056,0163,0164,0162,0157,0153,0145,0123,0164,0171,0154,0145,075,042,0142,0154,0141,0143,0153,042,073,012,040,040,040,040,011,0143,0164,0170,056,0154,0151,0156,0145,0127,0151,0144,0164,0150,040,075,040,062,073,040,040,040,040,011,012,040,040,040,040,011,0143,0164,0170,056,0146,0151,0154,0154,0123,0164,0171,0154,0145,040,075,040,042,0142,0154,0141,0143,0153,042,073,012,040,040,040,040,
0321:011,011,0143,0164,0170,056,0163,0164,0162,0157,0153,0145,0123,0164,0171,0154,0145,040,075,040,042,0171,0145,0154,0154,0157,0167,042,073,012,040,040,040,040,011,0143,0164,0170,056,0154,0151,0156,0145,0127,0151,0144,0164,0150,040,075,040,062,073,040,040,040,040,011,012,040,040,040,040,011,0143,0164,0170,056,0146,0151,0154,0154,0123,0164,0171,0154,0145,040,075,040,042,0171,0145,0154,0154,0157,0167,042,073,012,040,040,040,040,
0322:011,011,0143,0164,0170,056,0163,0164,0162,0157,0153,0145,0123,0164,0171,0154,0145,075,042,0157,0162,0141,0156,0147,0145,042,073,012,040,040,040,040,011,0143,0164,0170,056,0154,0151,0156,0145,0127,0151,0144,0164,0150,040,075,040,062,073,012,040,040,040,040,011,0143,0164,0170,056,0146,0151,0154,0154,0123,0164,0171,0154,0145,040,075,040,042,0157,0162,0141,0156,0147,0145,042,073,040,040,040,040,012,040,040,040,040,
0323:011,011,0143,0164,0170,056,0163,0164,0162,0157,0153,0145,0123,0164,0171,0154,0145,075,042,0167,0150,0151,0164,0145,042,073,012,040,040,040,040,011,0143,0164,0170,056,0154,0151,0156,0145,0127,0151,0144,0164,0150,040,075,040,062,073,012,040,040,040,040,011,0143,0164,0170,056,0146,0151,0154,0154,0123,0164,0171,0154,0145,040,075,040,042,0167,0150,0151,0164,0145,042,073,040,040,040,040,012,040,040,040,040,
0324:011,011,0143,0164,0170,056,0163,0164,0162,0157,0153,0145,0123,0164,0171,0154,0145,075,042,0162,0145,0144,042,073,012,040,040,040,040,011,0143,0164,0170,056,0154,0151,0156,0145,0127,0151,0144,0164,0150,040,075,040,062,073,012,040,040,040,040,011,0143,0164,0170,056,0146,0151,0154,0154,0123,0164,0171,0154,0145,040,075,040,042,0162,0145,0144,042,073,040,040,040,040,012,040,040,040,040,
0325:011,011,0143,0164,0170,056,0163,0164,0162,0157,0153,0145,0123,0164,0171,0154,0145,075,042,0147,0162,0145,0145,0156,042,073,012,040,040,040,040,011,0143,0164,0170,056,0154,0151,0156,0145,0127,0151,0144,0164,0150,040,075,040,062,073,012,040,040,040,040,011,0143,0164,0170,056,0146,0151,0154,0154,0123,0164,0171,0154,0145,040,075,040,042,0147,0162,0145,0145,0156,042,073,040,040,040,040,012,040,040,040,040,
0326:011,011,0143,0164,0170,056,0163,0164,0162,0157,0153,0145,0123,0164,0171,0154,0145,075,042,0160,0165,0162,0160,0154,0145,042,073,012,040,040,040,040,011,0143,0164,0170,056,0154,0151,0156,0145,0127,0151,0144,0164,0150,040,075,040,062,073,012,040,040,040,040,011,0143,0164,0170,056,0146,0151,0154,0154,0123,0164,0171,0154,0145,040,075,040,042,0160,0165,0162,0160,0154,0145,042,073,040,040,040,040,012,040,040,040,040,
0327:011,011,0143,0164,0170,056,0163,0164,0162,0157,0153,0145,0123,0164,0171,0154,0145,075,042,0142,0154,0165,0145,042,073,012,040,040,040,040,011,0143,0164,0170,056,0154,0151,0156,0145,0127,0151,0144,0164,0150,040,075,040,062,073,012,040,040,040,040,011,0143,0164,0170,056,0146,0151,0154,0154,0123,0164,0171,0154,0145,040,075,040,042,0142,0154,0165,0145,042,073,040,040,040,040,012,040,040,040,040,
0330:040,040,040,040,040,040,0170,040,053,075,040,0163,0151,0144,0145,052,0115,0141,0164,0150,056,0143,0157,0163,050,0164,0150,0145,0164,0141,051,073,040,040,040,012,040,040,040,040,040,040,0171,040,053,075,040,0163,0151,0144,0145,052,0115,0141,0164,0150,056,0163,0151,0156,050,0164,0150,0145,0164,0141,051,073,040,012,040,040,040,040,
0331:040,040,040,040,040,040,0170,040,055,075,040,0163,0151,0144,0145,052,0115,0141,0164,0150,056,0143,0157,0163,050,0164,0150,0145,0164,0141,051,073,040,040,040,012,040,040,040,040,040,040,0171,040,055,075,040,0163,0151,0144,0145,052,0115,0141,0164,0150,056,0163,0151,0156,050,0164,0150,0145,0164,0141,051,073,040,012,040,040,040,040,
0332:040,040,040,040,040,040,0170,040,053,075,040,0163,0151,0144,0145,052,0115,0141,0164,0150,056,0143,0157,0163,050,0164,0150,0145,0164,0141,040,055,040,0164,0150,0145,0164,0141,0123,0164,0145,0160,051,073,012,040,040,040,040,040,040,0171,040,053,075,040,0163,0151,0144,0145,052,0115,0141,0164,0150,056,0163,0151,0156,050,0164,0150,0145,0164,0141,040,055,040,0164,0150,0145,0164,0141,0123,0164,0145,0160,051,073,012,040,040,040,040,
0333:040,040,040,040,040,040,0170,040,053,075,040,0163,0151,0144,0145,052,0115,0141,0164,0150,056,0143,0157,0163,050,0164,0150,0145,0164,0141,040,053,040,0164,0150,0145,0164,0141,0123,0164,0145,0160,051,073,012,040,040,040,040,040,040,0171,040,053,075,040,0163,0151,0144,0145,052,0115,0141,0164,0150,056,0163,0151,0156,050,0164,0150,0145,0164,0141,040,053,040,0164,0150,0145,0164,0141,0123,0164,0145,0160,051,073,012,040,040,040,040,
0334:040,040,040,040,040,040,0164,0150,0145,0164,0141,040,055,075,040,0164,0150,0145,0164,0141,0123,0164,0145,0160,073,040,057,057,040,0103,0103,0127,012,040,040,040,040,
0335:040,040,040,040,040,040,0164,0150,0145,0164,0141,040,053,075,040,0164,0150,0145,0164,0141,0123,0164,0145,0160,073,040,057,057,040,0103,0127,012,040,040,040,040,
0336:040,040,040,040,040,040,0163,0151,0144,0145,040,057,075,040,0163,0143,0141,0154,0145,0106,0141,0143,0164,0157,0162,073,040,057,057,040,055,012,040,040,040,040,
0337:040,040,040,040,040,040,0163,0151,0144,0145,040,052,075,040,0163,0143,0141,0154,0145,0106,0141,0143,0164,0157,0162,073,040,057,057,040,053,012,040,040,040,040,
0340:040,012,040,040,040,040,011,057,057,0160,0157,0151,0156,0164,012,011,011,0143,0164,0170,056,0142,0145,0147,0151,0156,0120,0141,0164,0150,050,051,073,012,011,011,0143,0164,0170,056,0141,0162,0143,050,0170,054,040,0171,054,040,063,054,040,060,054,040,062,040,052,040,0115,0141,0164,0150,056,0120,0111,051,073,012,011,011,0143,0164,0170,056,0146,0151,0154,0154,050,051,073,011,012,011,011,0143,0164,0170,056,0143,0154,0157,0163,0145,0120,0141,0164,0150,050,051,073,012,011,011,0143,0165,0162,0162,0145,0156,0164,0123,0126,0107,040,053,075,040,042,074,0143,0151,0162,0143,0154,0145,040,0143,0170,075,0134,042,042,073,012,011,011,0143,0165,0162,0162,0145,0156,0164,0123,0126,0107,040,053,075,040,0115,0141,0164,0150,056,0162,0157,0165,0156,0144,050,0170,051,056,0164,0157,0123,0164,0162,0151,0156,0147,050,051,073,012,011,011,0143,0165,0162,0162,0145,0156,0164,0123,0126,0107,040,053,075,040,042,0134,042,040,0143,0171,040,075,040,0134,042,042,073,012,011,011,0143,0165,0162,0162,0145,0156,0164,0123,0126,0107,040,053,075,040,0115,0141,0164,0150,056,0162,0157,0165,0156,0144,050,0171,051,056,0164,0157,0123,0164,0162,0151,0156,0147,050,051,073,012,011,011,0143,0165,0162,0162,0145,0156,0164,0123,0126,0107,040,053,075,040,042,0134,042,040,0162,040,075,040,0134,042,063,0134,042,040,0163,0164,0162,0157,0153,0145,040,075,040,0134,042,0142,0154,0141,0143,0153,0134,042,040,0163,0164,0162,0157,0153,0145,055,0167,0151,0144,0164,0150,040,075,040,0134,042,062,0134,042,040,042,073,012,011,011,0143,0165,0162,0162,0145,0156,0164,0123,0126,0107,040,053,075,040,042,0146,0151,0154,0154,040,075,040,0134,042,0142,0154,0141,0143,0153,0134,042,040,057,076,0134,0156,042,073,011,011,012,040,040,040,040,
0341:040,040,040,040,040,040,057,057,0143,0151,0162,0143,0154,0145,012,011,011,0143,0164,0170,056,0142,0145,0147,0151,0156,0120,0141,0164,0150,050,051,073,012,011,011,0143,0164,0170,056,0141,0162,0143,050,0170,054,040,0171,054,040,0163,0151,0144,0145,054,040,060,054,040,062,040,052,040,0115,0141,0164,0150,056,0120,0111,051,073,012,011,011,0143,0164,0170,056,0143,0154,0157,0163,0145,0120,0141,0164,0150,050,051,073,012,011,011,0143,0164,0170,056,0163,0164,0162,0157,0153,0145,050,051,073,012,011,011,0143,0165,0162,0162,0145,0156,0164,0123,0126,0107,040,053,075,040,042,040,040,040,040,074,0143,0151,0162,0143,0154,0145,040,0143,0170,075,0134,042,042,073,012,011,011,0143,0165,0162,0162,0145,0156,0164,0123,0126,0107,040,053,075,040,0115,0141,0164,0150,056,0162,0157,0165,0156,0144,050,0170,051,056,0164,0157,0123,0164,0162,0151,0156,0147,050,051,073,012,011,011,0143,0165,0162,0162,0145,0156,0164,0123,0126,0107,040,053,075,040,042,0134,042,040,0143,0171,040,075,040,0134,042,042,073,012,011,011,0143,0165,0162,0162,0145,0156,0164,0123,0126,0107,040,053,075,040,0115,0141,0164,0150,056,0162,0157,0165,0156,0144,050,0171,051,056,0164,0157,0123,0164,0162,0151,0156,0147,050,051,073,012,011,011,0143,0165,0162,0162,0145,0156,0164,0123,0126,0107,040,053,075,040,042,0134,042,040,0162,040,075,040,0134,042,042,040,053,040,0163,0151,0144,0145,056,0164,0157,0123,0164,0162,0151,0156,0147,050,051,040,053,040,042,0134,042,040,0163,0164,0162,0157,0153,0145,040,075,040,0134,042,0142,0154,0141,0143,0153,0134,042,040,0163,0164,0162,0157,0153,0145,055,0167,0151,0144,0164,0150,040,075,040,0134,042,062,0134,042,040,042,073,012,011,011,0143,0165,0162,0162,0145,0156,0164,0123,0126,0107,040,053,075,040,042,0146,0151,0154,0154,040,075,040,0134,042,0156,0157,0156,0145,0134,042,040,057,076,0134,0156,042,073,011,011,012,040,040,040,040,
0342:040,040,040,040,040,040,040,040,057,057,0154,0151,0156,0145,012,040,040,040,040,011,0143,0164,0170,056,0142,0145,0147,0151,0156,0120,0141,0164,0150,050,051,073,012,040,040,040,040,011,0143,0164,0170,056,0155,0157,0166,0145,0124,0157,050,0170,054,0171,051,073,012,011,011,0143,0164,0170,056,0154,0151,0156,0145,0124,0157,050,0170,040,053,040,0163,0151,0144,0145,052,0115,0141,0164,0150,056,0143,0157,0163,050,0164,0150,0145,0164,0141,051,054,0171,040,053,040,0163,0151,0144,0145,052,0115,0141,0164,0150,056,0163,0151,0156,050,0164,0150,0145,0164,0141,051,051,073,012,011,011,0143,0164,0170,056,0163,0164,0162,0157,0153,0145,050,051,073,011,011,012,040,040,040,011,011,0143,0164,0170,056,0143,0154,0157,0163,0145,0120,0141,0164,0150,050,051,073,012,040,040,040,011,011,012,040,040,040,011,011,0166,0141,0162,040,0170,062,040,075,040,0115,0141,0164,0150,056,0162,0157,0165,0156,0144,050,0170,040,053,040,0163,0151,0144,0145,052,0115,0141,0164,0150,056,0143,0157,0163,050,0164,0150,0145,0164,0141,051,051,073,012,040,040,040,011,011,0166,0141,0162,040,0171,062,040,075,040,0115,0141,0164,0150,056,0162,0157,0165,0156,0144,050,0171,040,053,040,0163,0151,0144,0145,052,0115,0141,0164,0150,056,0163,0151,0156,050,0164,0150,0145,0164,0141,051,051,073,012,040,040,040,011,011,0143,0165,0162,0162,0145,0156,0164,0123,0126,0107,040,053,075,040,042,040,040,040,040,074,0154,0151,0156,0145,040,0170,061,075,0134,042,042,053,0115,0141,0164,0150,056,0162,0157,0165,0156,0144,050,0170,051,056,0164,0157,0123,0164,0162,0151,0156,0147,050,051,053,042,0134,042,040,0171,061,075,0134,042,042,053,0115,0141,0164,0150,056,0162,0157,0165,0156,0144,050,0171,051,056,0164,0157,0123,0164,0162,0151,0156,0147,050,051,053,042,0134,042,040,0170,062,075,0134,042,042,053,0170,062,056,0164,0157,0123,0164,0162,0151,0156,0147,050,051,053,042,0134,042,040,0171,062,075,0134,042,042,053,0171,062,056,0164,0157,0123,0164,0162,0151,0156,0147,050,051,053,042,0134,042,040,0163,0164,0171,0154,0145,075,0134,042,0163,0164,0162,0157,0153,0145,072,0142,0154,0141,0143,0153,073,0163,0164,0162,0157,0153,0145,055,0167,0151,0144,0164,0150,072,062,0134,042,040,057,076,0134,0156,042,012,012,040,040,040,040,
0343:040,040,040,040,011,0143,0164,0170,056,0142,0145,0147,0151,0156,0120,0141,0164,0150,050,051,073,012,011,011,0143,0164,0170,056,0141,0162,0143,050,0170,054,040,0171,054,040,0163,0151,0144,0145,054,040,0164,0150,0145,0164,0141,040,055,040,0164,0150,0145,0164,0141,0123,0164,0145,0160,054,0164,0150,0145,0164,0141,040,053,040,0164,0150,0145,0164,0141,0123,0164,0145,0160,051,073,012,011,011,0143,0164,0170,056,0163,0164,0162,0157,0153,0145,050,051,073,012,011,011,0143,0164,0170,056,0143,0154,0157,0163,0145,0120,0141,0164,0150,050,051,073,012,011,011,0154,0157,0143,0141,0154,0123,0164,0162,0151,0156,0147,040,075,040,042,042,073,012,011,011,0154,0157,0143,0141,0154,0123,0164,0162,0151,0156,0147,040,053,075,040,042,040,040,074,0160,0141,0164,0150,040,0144,075,0134,042,042,073,011,012,011,011,0154,0157,0143,0141,0154,0123,0164,0162,0151,0156,0147,040,053,075,040,042,0115,042,073,012,011,011,0166,0141,0162,040,0154,0157,0143,0141,0154,0111,0156,0164,040,075,040,0170,040,053,040,0163,0151,0144,0145,052,0115,0141,0164,0150,056,0143,0157,0163,050,0164,0150,0145,0164,0141,040,055,040,0164,0150,0145,0164,0141,0123,0164,0145,0160,051,073,012,011,011,0154,0157,0143,0141,0154,0123,0164,0162,0151,0156,0147,040,053,075,040,0154,0157,0143,0141,0154,0111,0156,0164,056,0164,0157,0123,0164,0162,0151,0156,0147,050,051,073,012,011,011,0154,0157,0143,0141,0154,0123,0164,0162,0151,0156,0147,040,053,075,040,042,040,042,073,012,011,011,0154,0157,0143,0141,0154,0111,0156,0164,040,075,040,0171,040,053,040,0163,0151,0144,0145,052,0115,0141,0164,0150,056,0163,0151,0156,050,0164,0150,0145,0164,0141,040,055,040,0164,0150,0145,0164,0141,0123,0164,0145,0160,051,073,012,011,011,0154,0157,0143,0141,0154,0123,0164,0162,0151,0156,0147,040,053,075,040,0154,0157,0143,0141,0154,0111,0156,0164,056,0164,0157,0123,0164,0162,0151,0156,0147,050,051,073,012,011,011,0143,0165,0162,0162,0145,0156,0164,0123,0126,0107,040,053,075,040,0154,0157,0143,0141,0154,0123,0164,0162,0151,0156,0147,073,012,011,011,0154,0157,0143,0141,0154,0123,0164,0162,0151,0156,0147,040,075,040,042,040,040,040,040,040,040,040,040,040,040,040,0101,042,040,053,040,0163,0151,0144,0145,056,0164,0157,0123,0164,0162,0151,0156,0147,050,051,040,053,040,042,040,042,040,053,040,0163,0151,0144,0145,056,0164,0157,0123,0164,0162,0151,0156,0147,050,051,040,053,040,042,040,060,040,060,040,061,040,042,073,012,011,011,0154,0157,0143,0141,0154,0111,0156,0164,040,075,040,0170,040,053,040,0163,0151,0144,0145,052,0115,0141,0164,0150,056,0143,0157,0163,050,0164,0150,0145,0164,0141,040,053,040,0164,0150,0145,0164,0141,0123,0164,0145,0160,051,073,012,011,011,0154,0157,0143,0141,0154,0123,0164,0162,0151,0156,0147,040,053,075,040,0154,0157,0143,0141,0154,0111,0156,0164,056,0164,0157,0123,0164,0162,0151,0156,0147,050,051,040,053,040,042,040,042,073,012,011,011,0154,0157,0143,0141,0154,0111,0156,0164,040,075,040,0171,040,053,040,0163,0151,0144,0145,052,0115,0141,0164,0150,056,0163,0151,0156,050,0164,0150,0145,0164,0141,040,053,040,0164,0150,0145,0164,0141,0123,0164,0145,0160,051,073,012,011,011,0154,0157,0143,0141,0154,0123,0164,0162,0151,0156,0147,040,053,075,040,0154,0157,0143,0141,0154,0111,0156,0164,056,0164,0157,0123,0164,0162,0151,0156,0147,050,051,040,053,040,042,0134,042,040,0146,0151,0154,0154,040,075,040,0134,042,0156,0157,0156,0145,0134,042,040,0163,0164,0162,0157,0153,0145,040,075,040,0134,042,0142,0154,0141,0143,0153,0134,042,040,0163,0164,0162,0157,0153,0145,055,0167,0151,0144,0164,0150,040,075,040,0134,042,062,0134,042,040,057,076,0134,0156,042,073,012,011,011,0143,0165,0162,0162,0145,0156,0164,0123,0126,0107,040,053,075,040,0154,0157,0143,0141,0154,0123,0164,0162,0151,0156,0147,073,012,012,040,040,040,040,
0344:040,040,040,040,040,040,040,057,057,0160,0141,0162,0164,040,0157,0146,040,0141,040,0160,0157,0154,0171,040,0154,0151,0156,0145,040,0157,0162,040,0160,0141,0164,0150,040,012,011,011,0143,0164,0170,056,0154,0151,0156,0145,0124,0157,050,0170,040,053,040,0163,0151,0144,0145,052,0115,0141,0164,0150,056,0143,0157,0163,050,0164,0150,0145,0164,0141,051,054,0171,040,053,040,0163,0151,0144,0145,052,0115,0141,0164,0150,056,0163,0151,0156,050,0164,0150,0145,0164,0141,051,051,073,012,011,011,0143,0164,0170,056,0163,0164,0162,0157,0153,0145,050,051,073,011,011,012,012,040,040,040,011,011,0166,0141,0162,040,0170,062,040,075,040,0115,0141,0164,0150,056,0162,0157,0165,0156,0144,050,0170,040,053,040,0163,0151,0144,0145,052,0115,0141,0164,0150,056,0143,0157,0163,050,0164,0150,0145,0164,0141,051,051,073,012,040,040,040,011,011,0166,0141,0162,040,0171,062,040,075,040,0115,0141,0164,0150,056,0162,0157,0165,0156,0144,050,0171,040,053,040,0163,0151,0144,0145,052,0115,0141,0164,0150,056,0163,0151,0156,050,0164,0150,0145,0164,0141,051,051,073,012,040,040,040,011,011,0143,0165,0162,0162,0145,0156,0164,0123,0126,0107,040,053,075,040,042,0114,042,040,053,040,0170,062,040,053,040,042,040,042,040,053,040,0171,062,040,053,040,042,040,042,073,012,012,040,040,040,040,
0345:040,040,040,040,040,040,040,057,057,0141,0162,0143,012,011,011,0143,0164,0170,056,0141,0162,0143,050,0170,054,040,0171,054,040,0163,0151,0144,0145,054,040,0164,0150,0145,0164,0141,040,055,040,0164,0150,0145,0164,0141,0123,0164,0145,0160,054,0164,0150,0145,0164,0141,040,053,040,0164,0150,0145,0164,0141,0123,0164,0145,0160,051,073,012,011,011,0143,0164,0170,056,0163,0164,0162,0157,0153,0145,050,051,073,012,040,040,040,040,
0346:040,040,040,040,040,040,057,057,0141,0162,0143,054,040,0162,0145,0166,0145,0162,0163,0145,040,0144,0151,0162,0145,0143,0164,0151,0157,0156,012,011,011,0143,0164,0170,056,0141,0162,0143,050,0170,054,040,0171,054,040,0163,0151,0144,0145,054,040,0164,0150,0145,0164,0141,040,053,040,0164,0150,0145,0164,0141,0123,0164,0145,0160,054,0164,0150,0145,0164,0141,040,055,040,0164,0150,0145,0164,0141,0123,0164,0145,0160,054,0164,0162,0165,0145,051,073,012,011,011,0143,0164,0170,056,0163,0164,0162,0157,0153,0145,050,051,073,012,040,040,040,040,
0347:040,040,040,040,040,040,040,040,057,057,0146,0151,0154,0154,0145,0144,040,0143,0151,0162,0143,0154,0145,012,011,011,0143,0164,0170,056,0142,0145,0147,0151,0156,0120,0141,0164,0150,050,051,073,012,011,011,0143,0164,0170,056,0141,0162,0143,050,0170,054,040,0171,054,040,0163,0151,0144,0145,054,040,060,054,040,062,040,052,040,0115,0141,0164,0150,056,0120,0111,051,073,012,011,011,0143,0164,0170,056,0143,0154,0157,0163,0145,0120,0141,0164,0150,050,051,073,012,011,011,0143,0164,0170,056,0163,0164,0162,0157,0153,0145,050,051,073,012,011,011,0143,0164,0170,056,0146,0151,0154,0154,050,051,073,012,011,011,0143,0165,0162,0162,0145,0156,0164,0123,0126,0107,040,053,075,040,042,040,040,040,040,074,0143,0151,0162,0143,0154,0145,040,0143,0170,075,0134,042,042,073,012,011,011,0143,0165,0162,0162,0145,0156,0164,0123,0126,0107,040,053,075,040,0115,0141,0164,0150,056,0162,0157,0165,0156,0144,050,0170,051,056,0164,0157,0123,0164,0162,0151,0156,0147,050,051,073,012,011,011,0143,0165,0162,0162,0145,0156,0164,0123,0126,0107,040,053,075,040,042,0134,042,040,0143,0171,040,075,040,0134,042,042,073,012,011,011,0143,0165,0162,0162,0145,0156,0164,0123,0126,0107,040,053,075,040,0115,0141,0164,0150,056,0162,0157,0165,0156,0144,050,0171,051,056,0164,0157,0123,0164,0162,0151,0156,0147,050,051,073,012,011,011,0143,0165,0162,0162,0145,0156,0164,0123,0126,0107,040,053,075,040,042,0134,042,040,0162,040,075,040,0134,042,042,040,053,040,0163,0151,0144,0145,056,0164,0157,0123,0164,0162,0151,0156,0147,050,051,040,053,040,042,0134,042,040,0163,0164,0162,0157,0153,0145,040,075,040,0134,042,0142,0154,0141,0143,0153,0134,042,040,0163,0164,0162,0157,0153,0145,055,0167,0151,0144,0164,0150,040,075,040,0134,042,062,0134,042,040,042,073,012,011,011,0143,0165,0162,0162,0145,0156,0164,0123,0126,0107,040,053,075,040,042,0146,0151,0154,0154,040,075,040,0134,042,0142,0154,0141,0143,0153,0134,042,040,057,076,0134,0156,042,073,011,011,012,012,040,040,040,040,
0350:040,040,040,040,040,040,0164,0150,0145,0164,0141,0123,0164,0145,0160,040,057,075,040,062,073,040,040,057,057,0141,0156,0147,0154,0145,057,062,012,040,040,040,040,
0351:040,040,040,040,040,040,0164,0150,0145,0164,0141,0123,0164,0145,0160,040,052,075,040,062,073,040,040,057,057,062,0141,0156,0147,0154,0145,012,040,040,040,040,
0352:040,040,040,040,040,040,0164,0150,0145,0164,0141,0123,0164,0145,0160,040,057,075,040,063,073,040,057,057,0141,0156,0147,0154,0145,057,063,012,040,040,040,040,
0353:040,040,040,040,040,040,0164,0150,0145,0164,0141,0123,0164,0145,0160,040,052,075,040,063,073,040,057,057,063,0141,0156,0147,0154,0145,012,011,
0360:011,011,0151,0155,0147,0104,0141,0164,0141,040,075,040,0151,0155,0147,0143,0164,0170,056,0147,0145,0164,0111,0155,0141,0147,0145,0104,0141,0164,0141,050,0170,054,0171,054,0163,0151,0144,0145,054,0163,0151,0144,0145,051,073,012,011,
0361:011,011,0143,0164,0170,056,0160,0165,0164,0111,0155,0141,0147,0145,0104,0141,0164,0141,050,0151,0155,0147,0104,0141,0164,0141,054,0170,054,0171,051,073,012,040,040,040,040,
0362:011,040,040,040,0143,0164,0170,056,0142,0145,0147,0151,0156,0120,0141,0164,0150,050,051,073,012,011,040,040,040,0143,0164,0170,056,0155,0157,0166,0145,0124,0157,050,0170,054,0171,051,073,012,011,040,040,040,0143,0165,0162,0162,0145,0156,0164,0123,0126,0107,040,053,075,040,042,011,074,0160,0141,0164,0150,040,0144,040,075,040,0134,042,0115,042,073,012,011,040,040,040,0143,0165,0162,0162,0145,0156,0164,0123,0126,0107,040,053,075,040,0115,0141,0164,0150,056,0162,0157,0165,0156,0144,050,0170,051,056,0164,0157,0123,0164,0162,0151,0156,0147,050,051,040,053,040,042,040,042,073,012,011,040,040,040,0143,0165,0162,0162,0145,0156,0164,0123,0126,0107,040,053,075,040,0115,0141,0164,0150,056,0162,0157,0165,0156,0144,050,0171,051,056,0164,0157,0123,0164,0162,0151,0156,0147,050,051,040,053,040,042,040,042,073,012,012,057,057,011,040,040,040,0143,0165,0162,0162,0145,0156,0164,0123,0126,0107,040,053,075,040,042,040,040,074,0160,0157,0154,0171,0154,0151,0156,0145,040,0160,0157,0151,0156,0164,0163,075,0134,042,042,073,011,011,012,040,040,040,040,
0363:011,040,040,040,0143,0164,0170,056,0143,0154,0157,0163,0145,0120,0141,0164,0150,050,051,073,012,011,040,040,040,0143,0164,0170,056,0163,0164,0162,0157,0153,0145,050,051,073,011,011,012,011,040,040,040,0143,0164,0170,056,0146,0151,0154,0154,050,051,073,011,011,012,011,040,040,040,0143,0165,0162,0162,0145,0156,0164,0123,0126,0107,040,053,075,040,042,0132,0134,042,042,053,040,042,040,0163,0164,0162,0157,0153,0145,040,075,040,0134,042,0142,0154,0141,0143,0153,0134,042,040,0163,0164,0162,0157,0153,0145,055,0167,0151,0144,0164,0150,040,075,040,0134,042,062,0134,042,040,0146,0151,0154,0154,040,075,040,0134,042,0156,0157,0156,0145,0134,042,040,042,053,042,057,076,042,073,012,040,040,040,040,
0364:011,040,040,040,0143,0164,0170,056,0143,0154,0157,0163,0145,0120,0141,0164,0150,050,051,073,012,011,040,040,040,0143,0164,0170,056,0163,0164,0162,0157,0153,0145,050,051,073,011,011,012,011,040,040,040,0143,0164,0170,056,0146,0151,0154,0154,050,051,073,011,011,012,011,040,040,040,0143,0165,0162,0162,0145,0156,0164,0123,0126,0107,040,053,075,040,042,0132,0134,042,042,053,040,042,040,0163,0164,0162,0157,0153,0145,040,075,040,0134,042,0142,0154,0141,0143,0153,0134,042,040,0163,0164,0162,0157,0153,0145,055,0167,0151,0144,0164,0150,040,075,040,0134,042,062,0134,042,040,0146,0151,0154,0154,040,075,040,0134,042,0142,0154,0141,0143,0153,0134,042,040,042,053,042,057,076,042,073,012,040,040,040,040,
0365:040,040,040,040,040,040,040,040,0143,0164,0170,056,0146,0157,0156,0164,075,0163,0151,0144,0145,056,0164,0157,0123,0164,0162,0151,0156,0147,050,070,051,040,053,040,042,0160,0170,040,042,040,053,040,0155,0171,0106,0157,0156,0164,073,012,011,011,0143,0164,0170,056,0146,0151,0154,0154,0124,0145,0170,0164,050,0143,0165,0162,0162,0145,0156,0164,0127,0157,0162,0144,054,0170,054,0171,051,073,012,011,011,0143,0165,0162,0162,0145,0156,0164,0123,0126,0107,040,053,075,040,042,040,040,040,040,074,0164,0145,0170,0164,040,0170,075,0134,042,042,073,012,011,011,0143,0165,0162,0162,0145,0156,0164,0123,0126,0107,040,053,075,040,0115,0141,0164,0150,056,0162,0157,0165,0156,0144,050,0170,051,056,0164,0157,0123,0164,0162,0151,0156,0147,050,051,073,012,011,011,0143,0165,0162,0162,0145,0156,0164,0123,0126,0107,040,053,075,040,042,0134,042,040,0171,040,075,040,0134,042,042,073,012,011,011,0143,0165,0162,0162,0145,0156,0164,0123,0126,0107,040,053,075,040,0115,0141,0164,0150,056,0162,0157,0165,0156,0144,050,0171,051,056,0164,0157,0123,0164,0162,0151,0156,0147,050,051,073,012,011,011,0143,0165,0162,0162,0145,0156,0164,0123,0126,0107,040,053,075,040,042,0134,042,040,0146,0151,0154,0154,040,075,040,0134,042,0142,0154,0141,0143,0153,0134,042,042,073,040,012,011,011,0143,0165,0162,0162,0145,0156,0164,0123,0126,0107,040,053,075,040,042,040,0146,0157,0156,0164,055,0163,0151,0172,0145,040,075,040,0134,042,042,073,012,011,011,0143,0165,0162,0162,0145,0156,0164,0123,0126,0107,040,053,075,040,0163,0151,0144,0145,040,053,040,042,0160,0170,0134,042,042,073,012,011,011,0143,0165,0162,0162,0145,0156,0164,0123,0126,0107,040,053,075,040,042,040,0146,0157,0156,0164,055,0146,0141,0155,0151,0154,0171,040,075,040,0134,042,0146,0165,0164,0165,0162,0141,0134,042,042,073,012,011,011,0143,0165,0162,0162,0145,0156,0164,0123,0126,0107,040,053,075,040,042,076,042,073,012,011,011,0143,0165,0162,0162,0145,0156,0164,0123,0126,0107,040,053,075,040,0143,0165,0162,0162,0145,0156,0164,0127,0157,0162,0144,073,012,011,011,0143,0165,0162,0162,0145,0156,0164,0123,0126,0107,040,053,075,040,042,074,057,0164,0145,0170,0164,076,0134,0156,042,073,011,012,011,
0366:011,011,0143,0164,0170,056,0142,0145,0147,0151,0156,0120,0141,0164,0150,050,051,073,012,011,011,0143,0164,0170,056,0155,0157,0166,0145,0124,0157,050,0115,0141,0164,0150,056,0162,0157,0165,0156,0144,050,0170,051,054,0115,0141,0164,0150,056,0162,0157,0165,0156,0144,050,0171,051,051,073,012,011,011,0143,0160,0170,061,040,075,040,0115,0141,0164,0150,056,0162,0157,0165,0156,0144,050,0170,040,053,040,0163,0151,0144,0145,052,0115,0141,0164,0150,056,0143,0157,0163,050,0164,0150,0145,0164,0141,051,051,073,012,011,011,0143,0160,0171,061,040,075,040,0115,0141,0164,0150,056,0162,0157,0165,0156,0144,050,0171,040,053,040,0163,0151,0144,0145,052,0115,0141,0164,0150,056,0163,0151,0156,050,0164,0150,0145,0164,0141,051,051,073,012,011,011,0143,0165,0162,0162,0145,0156,0164,0123,0126,0107,040,053,075,040,042,074,0160,0141,0164,0150,040,040,040,040,0144,040,075,040,0134,042,0115,042,073,012,011,011,0143,0165,0162,0162,0145,0156,0164,0123,0126,0107,040,053,075,040,050,0115,0141,0164,0150,056,0162,0157,0165,0156,0144,050,0170,051,051,056,0164,0157,0123,0164,0162,0151,0156,0147,050,051,040,053,040,042,054,042,073,012,011,011,0143,0165,0162,0162,0145,0156,0164,0123,0126,0107,040,053,075,040,050,0115,0141,0164,0150,056,0162,0157,0165,0156,0144,050,0171,051,051,056,0164,0157,0123,0164,0162,0151,0156,0147,050,051,040,053,040,042,040,0103,042,073,012,011,011,0143,0165,0162,0162,0145,0156,0164,0123,0126,0107,040,053,075,040,0143,0160,0170,061,056,0164,0157,0123,0164,0162,0151,0156,0147,050,051,040,053,040,042,054,042,040,053,040,0143,0160,0171,061,056,0164,0157,0123,0164,0162,0151,0156,0147,050,051,040,053,040,042,040,042,073,012,011,011,012,057,057,074,0160,0141,0164,0150,040,040,0144,075,042,0115,061,060,060,054,062,060,060,040,0103,061,065,060,054,061,065,060,040,062,060,060,054,061,065,060,040,062,065,060,054,062,060,060,042,040,057,076,012,011,
0367:011,011,0170,062,040,075,040,0115,0141,0164,0150,056,0162,0157,0165,0156,0144,050,0170,051,073,012,011,011,0171,062,040,075,040,0115,0141,0164,0150,056,0162,0157,0165,0156,0144,050,0171,051,073,012,011,011,0143,0160,0170,062,040,075,040,0115,0141,0164,0150,056,0162,0157,0165,0156,0144,050,0170,040,053,040,0163,0151,0144,0145,052,0115,0141,0164,0150,056,0143,0157,0163,050,0164,0150,0145,0164,0141,051,051,073,012,011,011,0143,0160,0171,062,040,075,040,0115,0141,0164,0150,056,0162,0157,0165,0156,0144,050,0171,040,053,040,0163,0151,0144,0145,052,0115,0141,0164,0150,056,0163,0151,0156,050,0164,0150,0145,0164,0141,051,051,073,012,011,011,0143,0164,0170,056,0142,0145,0172,0151,0145,0162,0103,0165,0162,0166,0145,0124,0157,050,0143,0160,0170,061,054,0143,0160,0171,061,054,0143,0160,0170,062,054,0143,0160,0171,062,054,0170,062,054,0171,062,051,073,012,011,011,0143,0164,0170,056,0163,0164,0162,0157,0153,0145,050,051,073,012,011,011,0143,0165,0162,0162,0145,0156,0164,0123,0126,0107,040,053,075,040,0143,0160,0170,062,056,0164,0157,0123,0164,0162,0151,0156,0147,050,051,040,053,040,042,054,042,040,053,040,0143,0160,0171,062,056,0164,0157,0123,0164,0162,0151,0156,0147,050,051,040,053,040,042,040,042,073,012,011,011,0143,0165,0162,0162,0145,0156,0164,0123,0126,0107,040,053,075,040,0170,062,056,0164,0157,0123,0164,0162,0151,0156,0147,050,051,040,053,040,042,054,042,040,053,040,0171,062,056,0164,0157,0123,0164,0162,0151,0156,0147,050,051,040,053,040,042,0134,042,040,0146,0151,0154,0154,040,075,040,0134,042,0156,0157,0156,0145,0134,042,040,0163,0164,0162,0157,0153,0145,055,0167,0151,0144,0164,0150,040,075,040,0134,042,062,0134,042,040,0163,0164,0162,0157,0153,0145,040,075,040,0134,042,0142,0154,0141,0143,0153,0134,042,040,057,076,042,073,011,011,
01300:0333,0200,0336,0330,0332,0340,0350,0335,0336,0330,0342,0331,0331,0331,0342,0330,0330,0335,0335,0331,0331,0342,0330,0330,0330,0342,0331,0334,0334,0334,0351,0331,0331,0333,0333,0337,0337
01304:0333,0200,0336,0330,0332,0341,0342,0335,0342,0335,0342,0335,0342,0350,0335,0351,0336,0336,0330,0330,0341,0331,0331,0335,0330,0330,0341,0331,0331,0335,0330,0330,0341,0331,0331,0335,0330,0330,0341,0331,0331,0350,0334,0351,0337,0337,0330,0335,0335,0333,0337
01305:0333,0200,0336,0330,0332,0305,0342,0335,0342,0335,0342,0335,0342,0335,0342,0335,0341,0350,0335,0351,0336,0330,0336,0336,0341,0337,0337,0331,0335,0330,0336,0336,0341,0337,0337,0331,0335,0330,0336,0336,0341,0337,0337,0331,0335,0330,0336,0336,0341,0337,0337,0331,0335,0330,0336,0336,0341,0337,0337,0331,0350,0335,0304,0337,0331,0333,0337
01306:0333,0200,0336,0330,0332,0306,0342,0335,0342,0335,0342,0335,0342,0335,0342,0335,0341,0350,0335,0351,0336,0330,0336,0336,0341,0337,0337,0331,0335,0330,0336,0336,0341,0337,0337,0331,0335,0330,0336,0336,0341,0337,0337,0331,0335,0330,0336,0336,0341,0337,0337,0331,0335,0330,0336,0336,0341,0337,0337,0331,0350,0335,0335,0335,0337,0342,0334,0336,0330,0336,0336,0341,0337,0337,0331,0304,0335,0337,0331,0333,0337
01310:0333,0200,0336,0332,0350,0335,0310,0337,0342,0330,0334,0334,0342,0330,0334,0334,0342,0330,0334,0334,0342,0330,0334,0334,0334,0351,0336,0313,0333,0337
01311:0335,0305,0342,0334,0311,0337,0342,0336,0335,0330,0334,0350,0334,0337,0342,0334,0334,0304,0336,0313,0335,0200,0334,0305,0350,0335,0342,0330,0335,0335,0335,0311,0336,0342,0330,0334,0334,0334,0336,0342,0335,0335,0335,0337,0331,0334,0334,0334,0337,0331,0334,0313,0304,0335
01312:0333,0200,0352,0334,0342,0330,0334,0334,0334,0334,0342,0334,0312,0337,0313,0336,0342,0330,0334,0334,0334,0334,0336,0342,0334,0334,0304,0312,0336,0313,0337,0333,0337
01313:0333,0200,0336,0336,0332,0332,0330,0342,0334,0342,0330,0335,0342,0330,0335,0342,0330,0342,0330,0335,0342,0330,0335,0342,0335,0331,0333,0337,0337
01314:0333,0200,0314,0336,0332,0332,0330,0200,0333,0200,0333,0200,0331,0337,0313
01315:0333,0313,0200,0336,0330,0332,0341,0335,0342,0334,0334,0342,0334,0334,0330,0334,0331,0337
01316:0333,0200,0336,0336,0330,0332,0332,0332,0336,0341,0330,0330,0330,0330,0341,0333,0333,0331,0331,0341,0333,0333,0330,0330,0341,0331,0331,0331,0331,0341,0333,0333,0331,0331,0337,0337,0337,
01317:0333,0200,0336,0336,0330,0332,0336,0330,0333,0337,0342,0336,0330,0334,0337,0337,0342,0330,0336,0342,0330,0335,0336,0342,0331,0342,0332,0330,0337,0337,0333,0333,0331,0337
01320:0333,0200,0336,0336,0330,0332,0337,0320,0204,0336,0333,0331,0337,0337,
01321:0333,0200,0336,0336,0330,0332,0337,0321,0204,0336,0333,0331,0337,0337,
01322:0333,0200,0336,0336,0330,0332,0337,0322,0204,0336,0333,0331,0337,0337,
01323:0333,0200,0336,0336,0330,0332,0337,0323,0204,0336,0333,0331,0337,0337,
01324:0333,0200,0336,0336,0330,0332,0337,0324,0204,0336,0333,0331,0337,0337,
01325:0333,0200,0336,0336,0330,0332,0337,0325,0204,0336,0333,0331,0337,0337,
01326:0333,0200,0336,0336,0330,0332,0337,0326,0204,0336,0333,0331,0337,0337,
01327:0333,0200,0336,0336,0330,0332,0337,0327,0204,0336,0333,0331,0337,0337,
01330:0333,0200,0313,0336,0336,0330,0332,0336,0332,0337,0342,0334,0342,0330,0335,0342,0330,0334,0336,0342,0330,0335,0350,0335,0337,0310,0337,0342,0330,0335,0335,0342,0330,0335,0335,0335,0336,0313,0336,0342,0330,0351,0335,0331,0331,0331,0331,0333,0333,0333,0337,0337,0337
01331:0333,0200,0335,0335,0333,0331,0313,0336,0336,0330,0332,0336,0332,0337,0342,0334,0342,0330,0335,0342,0330,0334,0336,0342,0330,0335,0350,0335,0337,0310,0337,0342,0330,0335,0335,0342,0330,0335,0335,0335,0336,0313,0336,0342,0330,0351,0335,0331,0331,0331,0331,0333,0333,0333,0337,0337,0337,0332,0335,0335,0331
01332:0333,0200,0334,0333,0313,0336,0336,0330,0332,0336,0332,0337,0342,0334,0342,0330,0335,0342,0330,0334,0336,0342,0330,0335,0350,0335,0337,0310,0337,0342,0330,0335,0335,0342,0330,0335,0335,0335,0336,0313,0336,0342,0330,0351,0335,0331,0331,0331,0331,0333,0333,0333,0337,0337,0337,0335,0331
01333:0333,0200,0335,0331,0313,0336,0336,0330,0332,0336,0332,0337,0342,0334,0342,0330,0335,0342,0330,0334,0336,0342,0330,0335,0350,0335,0337,0310,0337,0342,0330,0335,0335,0342,0330,0335,0335,0335,0336,0313,0336,0342,0330,0351,0335,0331,0331,0331,0331,0333,0333,0333,0337,0337,0337,0330,0334
01334:0333,0200,0336,0330,0332,0336,0350,0343,0334,0334,0343,0334,0334,0343,0334,0342,0335,0330,0336,0330,0334,0334,0334,0337,0342,0334,0351,0336,0331,0337,0337,0333,0337
01335:0333,0200,0336,0330,0332,0336,0350,0343,0334,0334,0343,0334,0334,0343,0334,0334,0334,0342,0334,0330,0336,0330,0335,0335,0335,0337,0342,0336,0335,0331,0351,0337,0337,0332,0335,0335,0337,0331
01336:0333,0200,0336,0330,0334,0336,0330,0337,0342,0336,0331,0335,0337,0331,0337
01337:0333,0200,0336,0330,0332,0336,0342,0334,0342,0334,0342,0334,0342,0330,0330,0334,0337,0331,0337
01340:0333,0200,0336,0330,0332,0340,0333,0331,0337
01341:0333,0200,0336,0330,0332,0341,0340,0333,0331,0337
01342:0333,0200,0336,0330,0332,0334,0336,0342,0330,0340,0331,0335,0335,0342,0330,0340,0333,0333,0330,0334,0337,0337
01343:0333,0200,0336,0330,0332,0350,0343,0335,0342,0334,0334,0342,0335,0340,0351,0331,0333,0337
01344:0333,0200,0336,0330,0332,0336,0332,0340,0335,0337,0342,0330,0340,0334,0332,0336,0331,0332,0331,0337,0337,0202,
01345:0202,0200,0350,0334,0343,0335,0304,
01346:0202,0200,0350,0334,0332,0335,0335,0343,0333,0335,0304,0334,
01347:0304,0313,0333,0200,0336,0332,0336,0330,0330,0347,0331,0331,0337,0333,0337,
01350:0333,0200,0336,0330,0332,0350,0335,0342,0335,0335,0342,0334,0336,0336,0342,0330,0330,0342,0331,0331,0351,0337,0337,0334,0333,0331,0337
01351:0333,0200,0336,0332,0330,0350,0335,0336,0336,0342,0330,0330,0342,0330,0330,0342,0331,0331,0331,0331,0335,0337,0337,0342,0335,0342,0334,0351,0333,0330,0334,0337
01352:0333,0200,0336,0330,0332,0335,0350,0352,0334,0334,0334,0342,0335,0335,0336,0336,0342,0330,0330,0342,0331,0331,0335,0335,0342,0330,0330,0342,0331,0331,0335,0335,0337,0337,0342,0335,0335,0335,0351,0353,0330,0334,0334,0333,0337
01353:0333,0200,0336,0330,0332,0335,0350,0352,0334,0342,0335,0335,0342,0335,0335,0336,0336,0342,0330,0330,0342,0331,0331,0334,0334,0334,0334,0334,0334,0342,0330,0330,0342,0331,0331,0335,0335,0335,0351,0353,0337,0337,0333,0330,0334,0337
01360:0333,0200,0336,0200,0332,0330,0336,0342,0334,0342,0340,0335,0337,0331,0333,0337,
01361:0333,0200,0336,0330,0332,0200,0335,0335,0336,0342,0334,0342,0340,0334,0337,0333,0331,0337,
01362:0333,0200,0336,0336,0330,0332,0332,0332,0340,0342,0330,0342,0330,0335,0342,0330,0342,0330,0350,0334,0334,0334,0342,0334,0334,0335,0334,0342,0334,0304,0330,0330,0330,0334,0334,0333,0337,0337,
01363:0304,0313,0333,0200,0336,0332,0330,0336,0330,0332,0335,0342,0330,0342,0330,0335,0342,0330,0342,0330,0334,0350,0334,0342,0334,0334,0342,0340,0335,0304,0331,0333,0337,0337
01364:0304,0313,0333,0200,0336,0332,0330,0336,0330,0332,0335,0342,0330,0342,0330,0335,0342,0330,0342,0330,0334,0350,0334,0342,0334,0334,0342,0340,0335,0304,0331,0333,0337,0337,0332,0202,
01365:0313,0304,0333,0200,0336,0330,0332,0336,0331,0332,0337,0350,0350,0334,0342,0335,0335,0342,0334,0304,0333,0350,0350,0334,0342,0335,0335,0342,0334,0304,0336,0333,0331,0337,0337
01366:0333,0200,0336,0336,0332,0332,0332,0330,0335,0337,0366,0340,0342,0330,0332,0335,0335,0367,0335,0336,0333,0330,0337,0337,0331
01367:0333,0200,0336,0336,0332,0332,0332,0330,0335,0337,0366,0330,0332,0335,0335,0367,0335,0336,0340,0334,0337,0342,0336,0333,0330,0337,0337,0331,0335,0331,0336,0332,0337,
01370:0333,0200,0336,0336,0332,0332,0336,0330,0337,0337,0342,0330,0336,0342,0331,0335,0342,0330,0336,0342,0330,0334,0342,0330,0337,0342,0330,0337,0336,0336,0342,0330,0334,0342,0330,0342,0330,0342,0330,0335,0331,0331,0331,0331,0331,0333,0333,0335,0335,0342,0330,0334,0350,0334,0342,0334,0334,0342,0335,0351,0332,0332,0330,0330,0330,0333,0335,0306,0342,0336,0331,0337,0337,0342,0330,0334,0334,0342,0330,0334,0334,0342,0330,0334,0334,0304,0334,0333,0333,0336,0336,0332,0337,0337,0337,0331,0337
01371:0333,0200,0336,0336,0332,0332,0336,0330,0337,0337,0342,0330,0336,0342,0331,0335,0342,0330,0336,0342,0330,0334,0342,0330,0337,0342,0330,0337,0336,0336,0342,0330,0334,0342,0330,0342,0330,0342,0330,0335,0331,0331,0332,0332,0335,0342,0330,0334,0334,0350,0335,0342,0334,0334,0342,0335,0335,0335,0351,0333,0336,0331,0331,0331,0333,0335,0337,0337,0306,0342,0330,0334,0334,0342,0330,0334,0334,0342,0330,0334,0334,0304,0330,0330,0336,0336,0331,0334,0337,0337,0337,0331,0336,0336,0336,0330,0337,0337,0337,0337
01372:0333,0200,0336,0336,0332,0332,0336,0330,0337,0337,0342,0330,0336,0342,0331,0335,0342,0330,0336,0342,0330,0334,0342,0330,0337,0342,0330,0337,0336,0336,0342,0330,0334,0342,0330,0342,0330,0342,0330,0335,0331,0331,0331,0331,0331,0333,0333,0335,0335,0342,0330,0334,0350,0334,0342,0334,0334,0342,0335,0351,0332,0332,0330,0330,0330,0336,0331,0333,0337,0337,0342,0330,0335,0342,0330,0335,0342,0330,0335,0342,0330,0335,0333,0333,0336,0336,0332,0337,0337,0337,0331,0336,0336,0336,0330,0337,0337,0337,0337
01373:0333,0200,0336,0336,0332,0332,0336,0330,0337,0337,0342,0330,0336,0342,0331,0335,0342,0330,0336,0342,0330,0334,0342,0330,0337,0342,0330,0337,0336,0336,0342,0330,0334,0342,0330,0342,0330,0342,0330,0335,0331,0331,0332,0332,0335,0342,0330,0334,0334,0350,0335,0342,0334,0334,0342,0335,0335,0335,0351,0333,0331,0331,0336,0330,0333,0337,0337,0342,0330,0335,0342,0330,0335,0342,0330,0335,0342,0330,0335,0333,0333,0331,0331,0336,0336,0330,0332,0337,0337,0337,0337
01374:0333,0200,0336,0336,0332,0332,0336,0330,0337,0337,0342,0330,0336,0342,0331,0335,0342,0330,0336,0342,0330,0334,0342,0330,0337,0342,0330,0337,0336,0336,0342,0330,0334,0342,0330,0342,0330,0342,0330,0335,0331,0331,0331,0331,0331,0333,0333,0335,0335,0342,0330,0334,0350,0334,0342,0334,0334,0342,0335,0351,0332,0332,0330,0330,0330,0333,0335,0305,0342,0330,0334,0342,0330,0334,0342,0330,0334,0342,0330,0334,0342,0330,0334,0304,0334,0333,0333,0333,0331,0331,0331,0331,0337,0337,0337
01375:0333,0200,0336,0336,0332,0332,0336,0330,0337,0337,0342,0330,0336,0342,0331,0335,0342,0330,0336,0342,0330,0334,0342,0330,0337,0342,0330,0337,0336,0336,0342,0330,0334,0342,0330,0342,0330,0342,0330,0335,0331,0331,0332,0332,0335,0342,0330,0334,0334,0350,0335,0342,0334,0334,0342,0335,0335,0335,0351,0333,0331,0331,0333,0330,0335,0305,0342,0330,0334,0342,0330,0334,0342,0330,0334,0342,0330,0334,0342,0330,0334,0304,0330,0330,0330,0334,0331,0331,0331,0331,0337,0337,0337
01376:0333,0200,0336,0336,0332,0332,0336,0330,0337,0337,0342,0330,0336,0342,0331,0335,0342,0330,0336,0342,0330,0334,0342,0330,0337,0342,0330,0337,0336,0336,0342,0330,0334,0342,0330,0342,0330,0342,0330,0335,0331,0331,0331,0331,0331,0333,0333,0335,0335,0342,0330,0334,0350,0334,0342,0334,0334,0342,0335,0351,0332,0332,0330,0330,0330,0335,0330,0306,0342,0330,0334,0342,0330,0334,0342,0330,0334,0342,0330,0334,0342,0330,0334,0342,0330,0334,0304,0330,0330,0330,0334,0337,0337,0331,0337
01377:0333,0200,0336,0336,0332,0332,0336,0330,0337,0337,0342,0330,0336,0342,0331,0335,0342,0330,0336,0342,0330,0334,0342,0330,0337,0342,0330,0337,0336,0336,0342,0330,0334,0342,0330,0342,0330,0342,0330,0335,0331,0331,0332,0332,0335,0342,0330,0334,0334,0350,0335,0342,0334,0334,0342,0335,0335,0335,0351,0333,0331,0333,0335,0306,0342,0330,0334,0342,0330,0334,0342,0330,0334,0342,0330,0334,0342,0330,0334,0342,0330,0334,0304,0333,0330,0330,0330,0334,0331,0331,0331,0337,0337,0337
01200:0333,0200,0336,0336,0330,0332,0337,0200,0336,0331,0333,0337,0337
01201:0304,0313,0333,0200,0336,0336,0330,0330,0332,0332,0332,0335,0336,0337,0337,0342,0330,0335,0350,0335,0336,0336,0342,0335,0335,0342,0335,0304,0337,0331,0331,0333,0337,0337
01202:0202,0200,
01203:0304,0313,0202,0332,0333,0200,0336,0336,0330,0330,0332,0332,0332,0335,0336,0337,0337,0342,0330,0335,0350,0335,0336,0336,0342,0335,0335,0342,0335,0304,0337,0331,0331,0333,0337,0337,
01204:0202,0200,0336,0336,0330,0332,0337,0200,0336,0331,0333,0337,0337,
01205:0202,0200,0336,0336,0330,0332,0332,0332,0330,0205,0331,0331,0332,0337,0337,0333,
01206:0202,0200,0336,0332,0206,0333,0337,
0200:0304,0342,0330,0334,0342,0330,0334,0342,0330,0334,0342,0330,0334
0201:0342,0330,
0202:0304,0313,0350,0335,0336,0336,0342,0333,0342,0333,0342,0333,0342,0333,0334,0304,0337,0337,
0203:0344,0330
0204:0362,0203,0334,0203,0334,0203,0334,0203,0334,0363
0205:0362,0203,0335,0203,0203,0335,0203,0335,0203,0203,0335,0363,0336,0330,0333,0336,0331,0332,0337,0365,0336,0332,0331,0337,0337,
0206:0336,0332,0337,0362,0203,0334,0336,0203,0335,0350,0335,0337,0310,0337,0203,0335,0335,0203,0335,0304,0335,0336,0313,0336,0203,0334,0337,0203,0363,0335,0335,0336,0332,0337,
01040:0333
01041:0333,0336,0336,0332,0332,0332,0330,0336,0331,0336,0341,0330,0330,0330,0337,0337,0337,0342,0336,0336,0336,0331,0331,0331,0331,0331,0337,0337,0333,0337,0337
01042:0333,0330,0336,0332,0336,0332,0331,0342,0333,0342,0333,0330,0337,0337,0331
01043:0333,0336,0336,0332,0332,0332,0333,0336,0332,0337,0337,0337,0342,0336,0336,0333,0337,0337,0342,0336,0336,0332,0332,0336,0332,0330,0330,0330,0335,0337,0337,0337,0342,0336,0336,0336,0332,0332,0337,0337,0337,0342,0336,0336,0336,0332,0332,0332,0337,0337,0337,0330,0334,0331
01044:0333,0336,0330,0332,0336,0330,0350,0335,0335,0334,0350,0343,0334,0334,0343,0334,0334,0343,0334,0334,0343,0334,0334,0343,0334,0334,0330,0330,0343,0335,0335,0343,0335,0335,0334,0334,0334,0334,0334,0334,0343,0334,0334,0343,0334,0334,0343,0334,0334,0343,0335,0335,0335,0335,0335,0335,0335,0335,0351,0351,0330,0335,0335,0333,0333,0337,0337,0336,0332,0337,0342,0336,0333,0337
01045:0336,0333,0330,0336,0332,0330,0335,0335,0366,0335,0332,0332,0331,0367,0335,0335,0366,0335,0335,0334,0332,0331,0331,0334,0336,0331,0337,0367,0336,0335,0335,0366,0332,0332,0334,0333,0337,0336,0334,0334,0367,0337,0335,0335,0201,0336,0342,0335,0335,0331,0331,0333,0333,0333,0333,0337,0337,0337,
01046:0333,0336,0332,0330,0336,0330,0341,0331,0334,0350,0334,0342,0334,0330,0343,0335,0335,0343,0334,0334,0334,0334,0334,0334,0351,0333,0350,0334,0342,0335,0335,0335,0335,0342,0334,0334,0336,0342,0334,0351,0331,0331,0333,0333,0337,0337,0337
01047:0333,0336,0330,0332,0336,0330,0342,0333,0333,0331,0331,0331,0337,0337
01050:0333,0336,0330,0334,0331,0331,0337,0337,0350,0350,0350,0343,0350,0334,0334,0343,0335,0335,0335,0335,0335,0343,0334,0334,0334,0351,0351,0351,0351,0336,0330,0335,0336,0332,0331,0337
01051:0333,0336,0330,0335,0337,0331,0331,0337,0350,0350,0350,0343,0350,0334,0334,0343,0335,0335,0335,0335,0343,0334,0334,0351,0351,0351,0351,0330,0335,0335,0335,0336,0336,0331,0336,0333,0337,0337
01052:0333,0336,0332,0330,0352,0342,0335,0335,0342,0335,0335,0342,0335,0335,0342,0335,0335,0342,0335,0335,0342,0335,0335,0353,0331,0333,0337
01053:0333,0336,0330,0332,0336,0342,0335,0342,0335,0342,0335,0342,0335,0331,0331,0333,0333,0337,0337
01054:0333,0336,0332,0336,0334,0350,0334,0342,0335,0351,0335,0333,0337,0337
01055:0333,0336,0330,0332,0335,0336,0342,0331,0342,0333,0333,0330,0330,0330,0334,0337,0337
01056:0333,0336,0332,0336,0336,0341,0333,0333,0333,0337,0337,0337
01057:0333,0332,0350,0335,0310,0337,0342,0336,0313,0334,0351,0333
01060:0313,0304,0336,0336,0330,0333,0330,0330,0343,0331,0331,0334,0334,0343,0332,0334,0334,0337,0342,0332,0342,0336,0331,0337,0337,0350,0350,0335,0350,0350,0335,0350,0334,0311,0337,0310,0336,0342,0337,0311,0336,0335,0351,0334,0351,0351,0334,0304,0333,0336,0336,0332,0337,0337
01061:0304,0313,0335,0336,0342,0336,0330,0334,0337,0337,0342,0330,0334,0350,0334,0336,0336,0310,0337,0342,0336,0313,0335,0351,0335,0337,0331,0331,0333,0336,0336,0332,0337,0337,0337
01062:0304,0336,0335,0342,0350,0334,0366,0333,0334,0330,0304,0335,0335,0336,0336,0331,0337,0367,0335,0335,0310,0337,0366,0336,0332,0332,0337,0367,0336,0333,0333,0331,0331,0313,0337,0337,0336,0336,0336,0331,0337,0337,0337,0336,0336,0336,0333,0337,0337,0337
01063:0313,0304,0336,0336,0330,0333,0335,0343,0332,0332,0343,0334,0350,0343,0331,0331,0335,0335,0335,0335,0343,0330,0334,0334,0334,0334,0304,0333,0336,0333,0337,0337,0337
01064:0333,0336,0332,0337,0342,0336,0330,0334,0342,0330,0335,0350,0335,0342,0334,0351,0331,0337,0336,0333,0336,0333,0337,0337
01065:0313,0304,0336,0336,0330,0333,0335,0343,0335,0335,0350,0334,0350,0334,0343,0334,0351,0351,0331,0331,0331,0334,0342,0335,0335,0342,0330,0334,0342,0330,0342,0330,0334,0342,0330,0333,0333,0334,0333,0336,0333,0337,0337,0337
01066:0304,0313,0336,0336,0332,0337,0337,0333,0336,0336,0332,0332,0330,0341,0332,0350,0350,0335,0337,0337,0342,0336,0336,0334,0351,0351,0333,0333,0333,0331,0336,0332,0337,0337,0337
01067:0336,0332,0336,0336,0333,0337,0337,0337,0333,0336,0332,0350,0350,0335,0337,0342,0330,0334,0334,0334,0334,0334,0336,0342,0351,0351,0335,0350,0350,0335,0337,0331,0334,0351,0351,0336,0333,0337
01070:0304,0313,0336,0336,0336,0332,0332,0337,0337,0337,0333,0336,0332,0336,0330,0341,0330,0330,0341,0333,0333,0331,0331,0331,0336,0332,0337,0337,0337
01071:0304,0313,0336,0336,0332,0337,0337,0333,0336,0336,0332,0337,0337,0342,0336,0330,0336,0330,0332,0341,0333,0333,0330,0337,0337,0331
01072:0333,0336,0332,0330,0336,0336,0336,0341,0331,0331,0331,0331,0331,0331,0331,0341,0333,0333,0333,0333,0331,0337,0337,0337,0337
01073:0333,0336,0332,0330,0336,0336,0336,0341,0331,0331,0331,0331,0334,0334,0337,0337,0350,0335,0342,0335,0351,0335,0331,0333,0337,0337
01074:0333,0336,0330,0332,0350,0335,0342,0335,0335,0342,0335,0351,0330,0335,0335,0333,0337
01075:0333,0336,0336,0332,0330,0334,0337,0342,0336,0333,0337,0342,0336,0332,0332,0335,0333,0337,0337
01076:0333,0336,0330,0332,0350,0334,0342,0334,0334,0342,0335,0335,0335,0351,0331,0333,0337,
01077:0333,0336,0336,0332,0332,0330,0336,0331,0341,0330,0330,0342,0330,0330,0330,0343,0335,0335,0350,0334,0343,0335,0351,0330,0342,0335,0335,0337,0331,0331,0331,0336,0330,0333,0333,0333,0337,0337,0337
01100:0333,0336,0332,0330,0336,0336,0341,0337,0343,0334,0343,0334,0334,0336,0330,0342,0331,0337,0350,0335,0335,0343,0351,0330,0330,0335,0335,0333,0333,0337,0337
01101:0304,0313,0311,0305,0350,0350,0335,0342,0351,0335,0336,0333,0334,0334,0337,0342,0336,0336,0330,0334,0334,0342,0335,0335,0331,0350,0335,0337,0337,0304,0313,0336,0336,0336,0333,0337,0337,0337
01102:0304,0313,0336,0336,0336,0333,0337,0337,0337,0342,0330,0335,0336,0336,0342,0333,0333,0342,0332,0330,0343,0333,0333,0343,0333,0331,0342,0334,0337,0333,0336,0336,0333,0337,0337,0337,0304,0313
01103:0333,0336,0330,0332,0334,0343,0335,0335,0350,0334,0334,0343,0335,0335,0335,0335,0343,0351,0330,0335,0335,0333,0337,0304,0313
01104:0333,0332,0342,0336,0330,0350,0335,0343,0335,0335,0343,0335,0351,0330,0335,0335,0336,0333,0337,0333,0337,0304,0313
01105:0304,0313,0333,0336,0332,0336,0332,0332,0337,0337,0342,0335,0336,0342,0332,0336,0342,0337,0332,0342,0336,0331,0334,0337,0337,0333,0331,0304,0313
01106:0304,0313,0333,0336,0332,0336,0332,0332,0337,0337,0342,0335,0336,0332,0336,0342,0337,0332,0342,0336,0331,0334,0337,0337,0333,0331,0304,0313
01107:0304,0313,0333,0336,0330,0332,0334,0343,0335,0335,0350,0334,0334,0343,0335,0335,0335,0335,0343,0351,0330,0335,0335,0333,0337,0336,0336,0332,0336,0333,0337,0342,0330,0334,0342,0335,0331,0333,0337,0337,0304,0313
01110:0304,0313,0333,0336,0336,0332,0332,0337,0337,0342,0336,0332,0337,0342,0336,0330,0335,0342,0330,0334,0331,0336,0333,0337,0337,0304,0313
01111:0304,0313,0333,0336,0336,0332,0332,0334,0337,0342,0336,0330,0335,0337,0337,0342,0330,0336,0336,0334,0342,0335,0335,0342,0330,0330,0334,0337,0337,0331
01112:0304,0313,0333,0336,0330,0332,0342,0330,0335,0336,0342,0334,0334,0342,0334,0330,0330,0342,0330,0333,0343,0335,0335,0333,0331,0333,0336,0333,0337,0337,0337
01113:0304,0313,0333,0336,0332,0332,0337,0342,0336,0330,0350,0335,0310,0337,0342,0336,0313,0335,0335,0310,0337,0342,0336,0313,0335,0351,0330,0335,0335,0333,0337,0304,0313,0336,0336,0336,0333,0337,0337,0337
01114:0333,0336,0332,0336,0332,0337,0337,0342,0336,0335,0342,0330,0336,0330,0334,0337,0337
01115:0304,0310,0342,0330,0335,0306,0335,0311,0336,0342,0330,0334,0334,0342,0330,0334,0334,0334,0334,0350,0335,0337,0342,0330,0304,0335,0335,0313,0336,0336,0336,0333,0337,0337,0337
01116:0342,0330,0335,0306,0335,0313,0337,0312,0336,0342,0330,0334,0334,0350,0334,0337,0313,0336,0304,0342,0336,0336,0336,0333,0337,0337,0337
01117:0333,0336,0330,0332,0341,0331,0333,0337
01120:0333,0332,0336,0336,0333,0337,0337,0342,0336,0330,0336,0330,0333,0341,0333,0333,0330,0337,0337,0331
01121:0333,0336,0330,0332,0341,0335,0335,0336,0330,0332,0350,0334,0337,0342,0334,0351,0334,0333,0331,0336,0330,0337,0337
01122:0304,0313,0336,0336,0336,0333,0337,0337,0337,0342,0330,0335,0336,0336,0342,0333,0333,0342,0332,0330,0343,0333,0335,0337,0306,0350,0334,0337,0312,0336,0342,0337,0313,0336,0335,0330,0304,0334,0334,0333,0336,0336,0336,0332,0337,0337,0337,0337
01123:0313,0304,0336,0336,0332,0337,0337,0336,0330,0333,0336,0330,0343,0334,0350,0334,0343,0332,0332,0334,0334,0334,0334,0343,0335,0335,0335,0351,0343,0335,0335,0333,0331,0333,0337,0337
01124:0333,0336,0332,0337,0342,0330,0336,0335,0342,0331,0342,0330,0330,0334,0337,0331
01125:0333,0336,0336,0330,0332,0337,0342,0330,0336,0342,0331,0331,0332,0332,0342,0330,0342,0330,0342,0331,0331,0333,0335,0335,0343,0330,0335,0335,0337,0333,0337
01126:0333,0336,0332,0350,0350,0335,0337,0342,0334,0334,0342,0335,0335,0334,0351,0351,0336,0333,0337
01127:0336,0336,0336,0333,0333,0337,0337,0337,0304,0313,0350,0350,0350,0334,0342,0335,0335,0336,0342,0330,0304,0335,0350,0350,0335,0335,0335,0342,0330,0304,0334,0350,0334,0350,0334,0337,0342,0334,0350,0335,0304,0336,0336,0333,0336,0333,0337,0337,0337
01130:0313,0306,0350,0337,0312,0336,0335,0342,0334,0304,0337,0313,0336,0330,0335,0306,0335,0337,0312,0336,0342,0330,0334,0304,0334,0337,0313,0336,0336,0336,0336,0333,0337,0337,0337
01131:0304,0313,0336,0336,0336,0332,0337,0337,0337,0336,0333,0342,0330,0306,0350,0334,0337,0312,0336,0342,0335,0335,0342,0337,0313,0336,0334,0304,0331,0333,0337,0336,0336,0336,0332,0337,0337,0337
01132:0304,0335,0312,0336,0342,0337,0332,0336,0342,0337,0333,0306,0336,0334,0313,0337,0342,0335,0304,0336,0330,0334,0312,0337,0313,0336,0336,0336,0333,0337,0337,0337
01133:0333,0336,0336,0332,0332,0337,0337,0342,0330,0335,0336,0336,0342,0337,0337,0333,0336,0336,0342,0330,0330,0334,0337,0337
01134:0333,0336,0336,0332,0337,0337,0350,0350,0334,0342,0335,0351,0351,0336,0336,0333,0337,0337
01135:0333,0336,0336,0332,0337,0337,0342,0336,0336,0334,0342,0333,0333,0333,0333,0342,0335,0333,0337,0337,0331
01136:0333,0330,0336,0332,0334,0334,0350,0335,0342,0334,0334,0342,0334,0351,0334,0333,0337,0331
01137:0333,0334,0336,0336,0330,0337,0342,0336,0331,0335,0337,0337
01140:0333,0336,0332,0330,0336,0330,0350,0334,0342,0335,0351,0330,0333,0333,0337,0337,0331
01141:0304,0313,0336,0336,0336,0332,0332,0337,0337,0337,0333,0336,0332,0336,0330,0341,0333,0342,0331,0342,0330,0330,0332,0333,0333,0331,0331,0337,0337,0336,0336,0336,0332,0337,0337,0337,0313,0304
01142:0304,0313,0336,0336,0332,0337,0337,0333,0336,0336,0332,0332,0332,0337,0337,0342,0336,0336,0330,0333,0341,0333,0333,0331,0337,0337,0336,0336,0336,0332,0337,0337,0337,0304,0313
01143:0304,0313,0336,0336,0332,0337,0337,0333,0336,0332,0336,0330,0350,0343,0334,0334,0343,0334,0334,0343,0334,0334,0330,0330,0334,0334,0351,0331,0336,0332,0337,0337,0337
01144:0333,0336,0336,0332,0332,0337,0337,0342,0336,0336,0330,0332,0341,0333,0333,0331,0337,0337
01145:0304,0313,0336,0336,0332,0337,0337,0333,0336,0336,0332,0330,0332,0343,0334,0334,0350,0335,0343,0334,0343,0335,0335,0342,0351,0335,0335,0342,0333,0330,0330,0334,0336,0332,0337,0337,0337
01146:0304,0313,0336,0336,0332,0337,0337,,0333,0336,0336,0332,0332,0337,0342,0330,0336,0336,0342,0330,0333,0343,0332,0331,0331,0335,0337,0336,0342,0334,0334,0342,0335,0331,0331,0331,0333,0333,0333,0333,0337,0337,0337,0304,0313,0336,0336,0336,0332,0337,0337,0337
01147:0304,0313,0336,0336,0336,0332,0332,0337,0337,0337,0333,0336,0332,0336,0330,0341,0333,0342,0331,0342,0331,0342,0331,0342,0332,0335,0335,0343,0331,0331,0332,0332,0334,0334,0337,0337,0336,0336,0336,0332,0337,0337,0337
01150:0304,0313,0342,0336,0330,0333,0336,0331,0332,0343,0333,0334,0334,0342,0330,0334,0334,0336,0333,0337,0337,0337
01151:0333,0336,0336,0332,0332,0332,0342,0330,0336,0342,0330,0330,0330,0336,0341,0331,0331,0331,0331,0331,0331,0331,0331,0331,0331,0337,0333,0333,0337,0337,0337
01152:0333,0336,0336,0332,0332,0332,0342,0331,0342,0332,0335,0335,0343,0332,0331,0331,0331,0336,0336,0341,0330,0330,0330,0330,0330,0330,0330,0330,0335,0335,0337,0333,0333,0337,0337,0337
01153:0304,0313,0336,0336,0332,0337,0337,0333,0336,0336,0332,0332,0332,0337,0342,0330,0336,0342,0331,0350,0335,0342,0335,0335,0310,0337,0342,0336,0313,0334,0351,0334,0331,0333,0336,0333,0337,,0337,0337,0304,0313
01154:0304,0313,0336,0336,0336,0332,0337,0337,0337,0333,0336,0336,0332,0332,0332,0336,0336,0350,0335,0342,0334,0337,0337,0337,0342,0330,0336,0342,0330,0334,0334,0334,0336,0342,0335,0351,0335,0337,0331,0331,0331,0333,0337,0337
01155:0304,0313,0333,0336,0332,0336,0332,0336,0332,0332,0337,0337,0342,0336,0333,0330,0336,0332,0343,0333,0333,0343,0332,0331,0342,0331,0342,0337,0333,0342,0333,0337,0337
01156:0304,0313,0333,0336,0332,0336,0332,0336,0332,0332,0337,0337,0342,0336,0333,0330,0336,0332,0343,0333,0331,0331,0337,0342,0333,0337,0337
01157:0304,0313,0333,0336,0332,0336,0332,0330,0341,0333,0333,0331,0337,0337
01160:0304,0313,0336,0336,0332,0337,0337,,0333,0336,0332,0336,0332,0342,0335,0335,0337,0342,0336,0331,0332,0341,0333,0334,0334,0342,0331,0333,0333,0333,0337,0337
01161:0304,0313,0333,0336,0332,0336,0330,0332,0341,0333,0342,0331,0331,0337,0342,0336,0333,0334,0334,0336,0333,0343,0335,0335,0330,0330,0333,0337,0337,0337
01162:0333,0336,0332,0336,0332,0337,0342,0330,0336,0336,0342,0350,0335,0350,0337,0337,0335,0342,0335,0351,0351,0330,0334,0331,0336,0336,0333,0337,0337,0337
01163:0304,0313,0336,0336,0332,0337,0337,0333,0336,0336,0332,0332,0330,0336,0330,0350,0343,0334,0334,0343,0334,0350,0334,0343,0334,0351,0330,0330,0343,0334,0334,0343,0334,0334,0335,0343,0334,0351,0331,0333,0333,0337,0337,0337
01164:0304,0313,0333,0336,0332,0342,0330,0336,0342,0334,0342,0335,0335,0342,0333,0333,0336,0330,0335,0343,0335,0335,0333,0333,0333,0337,0337,0337
01165:0304,0313,0336,0336,0330,0342,0333,0334,0334,0343,0332,0334,0334,0342,0334,0334,0342,0330,0335,0335,0336,0333,0337,0337,0337
01166:0304,0313,0336,0336,0332,0337,0337,0333,0336,0332,0350,0350,0334,0342,0335,0335,0342,0334,0351,0351,0333,0337,0336,0336,0336,0332,0337,0337,0337
01167:0336,0336,0336,0333,0337,0337,0337,0313,0304,0336,0336,0336,0333,0337,0350,0350,0334,0337,0342,0335,0335,0336,0342,0330,0335,0335,0335,0335,0335,0335,0342,0330,0334,0334,0334,0334,0334,0334,0337,0342,0334,0304,0336,0333,0336,0333,0337,0337,0337
01170:0304,0313,0336,0306,0350,0335,0342,0351,0336,0333,0334,0337,0342,0350,0335,0304,0336,0336,0333,0337,0337,0337
01171:0304,0313,0336,0336,0332,0337,0337,0333,0336,0332,0336,0350,0335,0337,0350,0334,0342,0334,0334,0342,0334,0334,0334,0334,0334,0334,0342,0334,0351,0351,0335,0335,0333,0337,0336,0336,0336,0332,0337,0337,0337
01172:0304,0313,0336,0350,0335,0310,0337,0342,0330,0334,0334,0334,0336,0342,0334,0337,0330,0334,0334,0334,0336,0342,0330,0334,0334,0304,0313,0337,0336,0336,0336,0333,0337,0337,0337
01173:0333,0336,0330,0332,0336,0336,0330,0334,0350,0334,0342,0335,0335,0335,0342,0330,0335,0342,0334,0331,0331,0331,0334,0342,0335,0331,0342,0335,0335,0335,0342,0335,0351,0335,0335,0331,0331,0333,0333,0337,0337,0337
01174:0333,0336,0332,0337,0342,0330,0336,0336,0342,0337,0337,0331,0336,0336,0331,0342,0330,0333,0337,0337
01175:0333,0336,0336,0332,0332,0330,0330,0336,0330,0342,0330,0350,0334,0342,0335,0331,0335,0335,0335,0342,0335,0330,0330,0334,0334,0334,0342,0335,0335,0335,0342,0330,0335,0342,0334,0351,0330,0330,0335,0335,0333,0333,0333,0337,0337,0337
01176:0330,0336,0336,0336,0331,0331,0333,0333,0341,0331,0331,0331,0331,0331,0331,0333,0333,0333,0333,0337,0337,0337,