01040:0333
01041:0333,0336,0336,0332,0332,0332,0330,0336,0331,0336,0341,0330,0330,0330,0337,0337,0337,0342,0336,0336,0336,0331,0331,0331,0331,0331,0337,0337,0333,0337,0337
01042:0333,0330,0336,0332,0336,0332,0331,0342,0333,0342,0333,0330,0337,0337,0331
01043:0333,0336,0336,0332,0332,0332,0333,0336,0332,0337,0337,0337,0342,0336,0336,0333,0337,0337,0342,0336,0336,0332,0332,0336,0332,0330,0330,0330,0335,0337,0337,0337,0342,0336,0336,0336,0332,0332,0337,0337,0337,0342,0336,0336,0336,0332,0332,0332,0337,0337,0337,0330,0334,0331
01044:0333,0336,0330,0332,0336,0330,0350,0335,0335,0334,0350,0343,0334,0334,0343,0334,0334,0343,0334,0334,0343,0334,0334,0343,0334,0334,0330,0330,0343,0335,0335,0343,0335,0335,0334,0334,0334,0334,0334,0334,0343,0334,0334,0343,0334,0334,0343,0334,0334,0343,0335,0335,0335,0335,0335,0335,0335,0335,0351,0351,0330,0335,0335,0333,0333,0337,0337,0336,0332,0337,0342,0336,0333,0337
01045:0333,0336,0332,0332,0350,0335,0337,0310,0337,0342,0336,0313,0334,0351,0336,0336,0330,0330,0330,0333,0341,0331,0331,0331,0333,0333,0330,0341,0333,0331,0337,0337
01046:0333,0336,0332,0330,0336,0330,0341,0331,0334,0350,0334,0342,0334,0330,0343,0335,0335,0343,0334,0334,0334,0334,0334,0334,0351,0333,0350,0334,0342,0335,0335,0335,0335,0342,0334,0334,0336,0342,0334,0351,0331,0331,0333,0333,0337,0337,0337
01047:0333,0336,0330,0332,0336,0330,0342,0333,0333,0331,0331,0331,0337,0337
01050:0333,0336,0330,0334,0331,0331,0337,0337,0350,0350,0350,0343,0350,0334,0334,0343,0335,0335,0335,0335,0335,0343,0334,0334,0334,0351,0351,0351,0351,0336,0330,0335,0336,0332,0331,0337
01051:0333,0336,0330,0335,0337,0331,0331,0337,0350,0350,0350,0343,0350,0334,0334,0343,0335,0335,0335,0335,0343,0334,0334,0351,0351,0351,0351,0330,0335,0335,0335,0336,0336,0331,0336,0333,0337,0337
01052:0333,0336,0332,0330,0352,0342,0335,0335,0342,0335,0335,0342,0335,0335,0342,0335,0335,0342,0335,0335,0342,0335,0335,0353,0331,0333,0337
01053:0333,0336,0330,0332,0336,0342,0335,0342,0335,0342,0335,0342,0335,0331,0331,0333,0333,0337,0337
01054:0333,0336,0332,0336,0334,0350,0334,0342,0335,0351,0335,0333,0337,0337
01055:0333,0336,0330,0332,0335,0336,0342,0331,0342,0333,0333,0330,0330,0330,0334,0337,0337
01056:0333,0336,0332,0336,0336,0341,0333,0333,0333,0337,0337,0337
01057:0333,0332,0350,0335,0310,0337,0342,0336,0313,0334,0351,0333
01060:0313,0304,0336,0336,0330,0333,0330,0330,0343,0331,0331,0334,0334,0343,0332,0334,0334,0337,0342,0332,0342,0336,0331,0337,0337,0350,0350,0335,0350,0350,0335,0350,0334,0311,0337,0310,0336,0342,0337,0311,0336,0335,0351,0334,0351,0351,0334,0304,0333,0336,0336,0332,0337,0337
01061:0304,0313,0335,0336,0342,0336,0330,0334,0337,0337,0342,0330,0334,0350,0334,0336,0336,0310,0337,0342,0336,0313,0335,0351,0335,0337,0331,0331,0333,0336,0336,0332,0337,0337,0337
01062:0304,0313,0335,0336,0342,0336,0330,0334,0330,0330,0330,0343,0331,0331,0331,0332,0337,0337,0306,0350,0335,0342,0334,0304,0333,0336,0336,0332,0337,0337
01063:0313,0304,0336,0336,0330,0333,0335,0343,0332,0332,0343,0334,0350,0343,0331,0331,0335,0335,0335,0335,0343,0330,0334,0334,0334,0334,0304,0333,0336,0333,0337,0337,0337
01064:0333,0336,0332,0337,0342,0336,0330,0334,0342,0330,0335,0350,0335,0342,0334,0351,0331,0337,0336,0333,0336,0333,0337,0337
01065:0313,0304,0336,0336,0330,0333,0335,0343,0335,0335,0350,0334,0350,0334,0343,0334,0351,0351,0331,0331,0331,0334,0342,0335,0335,0342,0330,0334,0342,0330,0342,0330,0334,0342,0330,0333,0333,0334,0333,0336,0333,0337,0337,0337
01066:0304,0313,0336,0336,0332,0337,0337,0333,0336,0336,0332,0332,0330,0341,0332,0350,0350,0335,0337,0337,0342,0336,0336,0334,0351,0351,0333,0333,0333,0331,0336,0332,0337,0337,0337
01067:0336,0332,0336,0336,0333,0337,0337,0337,0333,0336,0332,0350,0350,0335,0337,0342,0330,0334,0334,0334,0334,0334,0336,0342,0351,0351,0335,0350,0350,0335,0337,0331,0334,0351,0351,0336,0333,0337
01070:0304,0313,0336,0336,0336,0332,0332,0337,0337,0337,0333,0336,0332,0336,0330,0341,0330,0330,0341,0333,0333,0331,0331,0331,0336,0332,0337,0337,0337
01071:0304,0313,0336,0336,0332,0337,0337,0333,0336,0336,0332,0337,0337,0342,0336,0330,0336,0330,0332,0341,0333,0333,0330,0337,0337,0331
01072:0333,0336,0332,0330,0336,0336,0336,0341,0331,0331,0331,0331,0331,0331,0331,0341,0333,0333,0333,0333,0331,0337,0337,0337,0337
01073:0333,0336,0332,0330,0336,0336,0336,0341,0331,0331,0331,0331,0334,0334,0337,0337,0350,0335,0342,0335,0351,0335,0331,0333,0337,0337
01074:0333,0336,0330,0332,0350,0335,0342,0335,0335,0342,0335,0351,0330,0335,0335,0333,0337
01075:0333,0336,0336,0332,0330,0334,0337,0342,0336,0333,0337,0342,0336,0332,0332,0335,0333,0337,0337
01076:0333,0336,0330,0332,0350,0334,0342,0334,0334,0342,0335,0335,0335,0351,0331,0333,0337,
01077:0333,0336,0336,0332,0332,0330,0336,0331,0341,0330,0330,0342,0330,0330,0330,0343,0335,0335,0350,0334,0343,0335,0351,0330,0342,0335,0335,0337,0331,0331,0331,0336,0330,0333,0333,0333,0337,0337,0337
01100:0333,0336,0332,0330,0336,0336,0341,0337,0343,0334,0343,0334,0334,0336,0330,0342,0331,0337,0350,0335,0335,0343,0351,0330,0330,0335,0335,0333,0333,0337,0337
01101:0304,0313,0311,0305,0350,0350,0335,0342,0351,0335,0336,0333,0334,0334,0337,0342,0336,0336,0330,0334,0334,0342,0335,0335,0331,0350,0335,0337,0337,0304,0313,0336,0336,0336,0333,0337,0337,0337
01102:0304,0313,0336,0336,0336,0333,0337,0337,0337,0342,0330,0335,0336,0336,0342,0333,0333,0342,0332,0330,0343,0333,0333,0343,0333,0331,0342,0334,0337,0333,0336,0336,0333,0337,0337,0337,0304,0313
01103:0333,0336,0330,0332,0334,0343,0335,0335,0350,0334,0334,0343,0335,0335,0335,0335,0343,0351,0330,0335,0335,0333,0337,0304,0313
01104:0333,0332,0342,0336,0330,0350,0335,0343,0335,0335,0343,0335,0351,0330,0335,0335,0336,0333,0337,0333,0337,0304,0313
01105:0304,0313,0333,0336,0332,0336,0332,0332,0337,0337,0342,0335,0336,0342,0332,0336,0342,0337,0332,0342,0336,0331,0334,0337,0337,0333,0331,0304,0313
01106:0304,0313,0333,0336,0332,0336,0332,0332,0337,0337,0342,0335,0336,0332,0336,0342,0337,0332,0342,0336,0331,0334,0337,0337,0333,0331,0304,0313
01107:0304,0313,0333,0336,0330,0332,0334,0343,0335,0335,0350,0334,0334,0343,0335,0335,0335,0335,0343,0351,0330,0335,0335,0333,0337,0336,0336,0332,0336,0333,0337,0342,0330,0334,0342,0335,0331,0333,0337,0337,0304,0313
01110:0304,0313,0333,0336,0336,0332,0332,0337,0337,0342,0336,0332,0337,0342,0336,0330,0335,0342,0330,0334,0331,0336,0333,0337,0337,0304,0313
01111:0304,0313,0333,0336,0336,0332,0332,0334,0337,0342,0336,0330,0335,0337,0337,0342,0330,0336,0336,0334,0342,0335,0335,0342,0330,0330,0334,0337,0337,0331
01112:0304,0313,0333,0336,0330,0332,0342,0330,0335,0336,0342,0334,0334,0342,0334,0330,0330,0342,0330,0333,0343,0335,0335,0333,0331,0333,0336,0333,0337,0337,0337
01113:0304,0313,0333,0336,0332,0332,0337,0342,0336,0330,0350,0335,0310,0337,0342,0336,0313,0335,0335,0310,0337,0342,0336,0313,0335,0351,0330,0335,0335,0333,0337,0304,0313,0336,0336,0336,0333,0337,0337,0337
01114:0333,0336,0332,0336,0332,0337,0337,0342,0336,0335,0342,0330,0336,0330,0334,0337,0337
01115:0304,0310,0342,0330,0335,0306,0335,0311,0336,0342,0330,0334,0334,0342,0330,0334,0334,0334,0334,0350,0335,0337,0342,0330,0304,0335,0335,0313,0336,0336,0336,0333,0337,0337,0337
01116:0342,0330,0335,0306,0335,0313,0337,0312,0336,0342,0330,0334,0334,0350,0334,0337,0313,0336,0304,0342,0336,0336,0336,0333,0337,0337,0337
01117:0333,0336,0330,0332,0341,0331,0333,0337
01120:0333,0332,0336,0336,0333,0337,0337,0342,0336,0330,0336,0330,0333,0341,0333,0333,0330,0337,0337,0331
01121:0333,0336,0330,0332,0341,0335,0335,0336,0330,0332,0350,0334,0337,0342,0334,0351,0334,0333,0331,0336,0330,0337,0337
01122:0304,0313,0336,0336,0336,0333,0337,0337,0337,0342,0330,0335,0336,0336,0342,0333,0333,0342,0332,0330,0343,0333,0335,0337,0306,0350,0334,0337,0312,0336,0342,0337,0313,0336,0335,0330,0304,0334,0334,0333,0336,0336,0336,0332,0337,0337,0337,0337
01123:0313,0304,0336,0336,0332,0337,0337,0336,0330,0333,0336,0330,0343,0334,0350,0334,0343,0332,0332,0334,0334,0334,0334,0343,0335,0335,0335,0351,0343,0335,0335,0333,0331,0333,0337,0337
01124:0333,0336,0332,0337,0342,0330,0336,0335,0342,0331,0342,0330,0330,0334,0337,0331
01125:0333,0336,0336,0330,0332,0337,0342,0330,0336,0342,0331,0331,0332,0332,0342,0330,0342,0330,0342,0331,0331,0333,0335,0335,0343,0330,0335,0335,0337,0333,0337
01126:0333,0336,0332,0350,0350,0335,0337,0342,0334,0334,0342,0335,0335,0334,0351,0351,0336,0333,0337
01127:0336,0336,0336,0333,0333,0337,0337,0337,0304,0313,0350,0350,0350,0334,0342,0335,0335,0336,0342,0330,0304,0335,0350,0350,0335,0335,0335,0342,0330,0304,0334,0350,0334,0350,0334,0337,0342,0334,0350,0335,0304,0336,0336,0333,0336,0333,0337,0337,0337
01130:0313,0306,0350,0337,0312,0336,0335,0342,0334,0304,0337,0313,0336,0330,0335,0306,0335,0337,0312,0336,0342,0330,0334,0304,0334,0337,0313,0336,0336,0336,0336,0333,0337,0337,0337
01131:0304,0313,0336,0336,0336,0332,0337,0337,0337,0336,0333,0342,0330,0306,0350,0334,0337,0312,0336,0342,0335,0335,0342,0337,0313,0336,0334,0304,0331,0333,0337,0336,0336,0336,0332,0337,0337,0337
01132:0304,0335,0312,0336,0342,0337,0332,0336,0342,0337,0333,0306,0336,0334,0313,0337,0342,0335,0304,0336,0330,0334,0312,0337,0313,0336,0336,0336,0333,0337,0337,0337
01133:0333,0336,0336,0332,0332,0337,0337,0342,0330,0335,0336,0336,0342,0337,0337,0333,0336,0336,0342,0330,0330,0334,0337,0337
01134:0333,0336,0336,0332,0337,0337,0350,0350,0334,0342,0335,0351,0351,0336,0336,0333,0337,0337
01135:0333,0336,0336,0332,0337,0337,0342,0336,0336,0334,0342,0333,0333,0333,0333,0342,0335,0333,0337,0337,0331
01136:0333,0330,0336,0332,0334,0334,0350,0335,0342,0334,0334,0342,0334,0351,0334,0333,0337,0331
01137:0333,0334,0336,0336,0330,0337,0342,0336,0331,0335,0337,0337
01140:0333,0336,0332,0330,0336,0330,0350,0334,0342,0335,0351,0330,0333,0333,0337,0337,0331
01141:0304,0313,0336,0336,0336,0332,0332,0337,0337,0337,0333,0336,0332,0336,0330,0341,0333,0342,0331,0342,0330,0330,0332,0333,0333,0331,0331,0337,0337,0336,0336,0336,0332,0337,0337,0337,0313,0304
01142:0304,0313,0336,0336,0332,0337,0337,0333,0336,0336,0332,0332,0332,0337,0337,0342,0336,0336,0330,0333,0341,0333,0333,0331,0337,0337,0336,0336,0336,0332,0337,0337,0337,0304,0313
01143:0304,0313,0336,0336,0332,0337,0337,0333,0336,0332,0336,0330,0350,0343,0334,0334,0343,0334,0334,0343,0334,0334,0330,0330,0334,0334,0351,0331,0336,0332,0337,0337,0337
01144:0333,0336,0336,0332,0332,0337,0337,0342,0336,0336,0330,0332,0341,0333,0333,0331,0337,0337
01145:0304,0313,0336,0336,0332,0337,0337,0333,0336,0336,0332,0330,0332,0343,0334,0334,0350,0335,0343,0334,0343,0335,0335,0342,0351,0335,0335,0342,0333,0330,0330,0334,0336,0332,0337,0337,0337
01146:0304,0313,0336,0336,0332,0337,0337,,0333,0336,0336,0332,0332,0337,0342,0330,0336,0336,0342,0330,0333,0343,0332,0331,0331,0335,0337,0336,0342,0334,0334,0342,0335,0331,0331,0331,0333,0333,0333,0333,0337,0337,0337,0304,0313,0336,0336,0336,0332,0337,0337,0337
01147:0304,0313,0336,0336,0336,0332,0332,0337,0337,0337,0333,0336,0332,0336,0330,0341,0333,0342,0331,0342,0331,0342,0331,0342,0332,0335,0335,0343,0331,0331,0332,0332,0334,0334,0337,0337,0336,0336,0336,0332,0337,0337,0337
01150:0304,0313,0342,0336,0330,0333,0336,0331,0332,0343,0333,0334,0334,0342,0330,0334,0334,0336,0333,0337,0337,0337
01151:0333,0336,0336,0332,0332,0332,0342,0330,0336,0342,0330,0330,0330,0336,0341,0331,0331,0331,0331,0331,0331,0331,0331,0331,0331,0337,0333,0333,0337,0337,0337
01152:0333,0336,0336,0332,0332,0332,0342,0331,0342,0332,0335,0335,0343,0332,0331,0331,0331,0336,0336,0341,0330,0330,0330,0330,0330,0330,0330,0330,0335,0335,0337,0333,0333,0337,0337,0337
01153:0304,0313,0336,0336,0332,0337,0337,0333,0336,0336,0332,0332,0332,0337,0342,0330,0336,0342,0331,0350,0335,0342,0335,0335,0310,0337,0342,0336,0313,0334,0351,0334,0331,0333,0336,0333,0337,,0337,0337,0304,0313
01154:0304,0313,0336,0336,0336,0332,0337,0337,0337,0333,0336,0336,0332,0332,0332,0336,0336,0350,0335,0342,0334,0337,0337,0337,0342,0330,0336,0342,0330,0334,0334,0334,0336,0342,0335,0351,0335,0337,0331,0331,0331,0333,0337,0337
01155:0304,0313,0333,0336,0332,0336,0332,0336,0332,0332,0337,0337,0342,0336,0333,0330,0336,0332,0343,0333,0333,0343,0332,0331,0342,0331,0342,0337,0333,0342,0333,0337,0337
01156:0304,0313,0333,0336,0332,0336,0332,0336,0332,0332,0337,0337,0342,0336,0333,0330,0336,0332,0343,0333,0331,0331,0337,0342,0333,0337,0337
01157:0304,0313,0333,0336,0332,0336,0332,0330,0341,0333,0333,0331,0337,0337
01160:0304,0313,0336,0336,0332,0337,0337,,0333,0336,0332,0336,0332,0342,0335,0335,0337,0342,0336,0331,0332,0341,0333,0334,0334,0342,0331,0333,0333,0333,0337,0337
01161:0304,0313,0333,0336,0332,0336,0330,0332,0341,0333,0342,0331,0331,0337,0342,0336,0333,0334,0334,0336,0333,0343,0335,0335,0330,0330,0333,0337,0337,0337
01162:0333,0336,0332,0336,0332,0337,0342,0330,0336,0336,0342,0350,0335,0350,0337,0337,0335,0342,0335,0351,0351,0330,0334,0331,0336,0336,0333,0337,0337,0337
01163:0304,0313,0336,0336,0332,0337,0337,0333,0336,0336,0332,0332,0330,0336,0330,0350,0343,0334,0334,0343,0334,0350,0334,0343,0334,0351,0330,0330,0343,0334,0334,0343,0334,0334,0335,0343,0334,0351,0331,0333,0333,0337,0337,0337
01164:0304,0313,0333,0336,0332,0342,0330,0336,0342,0334,0342,0335,0335,0342,0333,0333,0336,0330,0335,0343,0335,0335,0333,0333,0333,0337,0337,0337
01165:0304,0313,0336,0336,0330,0342,0333,0334,0334,0343,0332,0334,0334,0342,0334,0334,0342,0330,0335,0335,0336,0333,0337,0337,0337
01166:0304,0313,0336,0336,0332,0337,0337,0333,0336,0332,0350,0350,0334,0342,0335,0335,0342,0334,0351,0351,0333,0337,0336,0336,0336,0332,0337,0337,0337
01167:0336,0336,0336,0333,0337,0337,0337,0313,0304,0336,0336,0336,0333,0337,0350,0350,0334,0337,0342,0335,0335,0336,0342,0330,0335,0335,0335,0335,0335,0335,0342,0330,0334,0334,0334,0334,0334,0334,0337,0342,0334,0304,0336,0333,0336,0333,0337,0337,0337
01170:0304,0313,0336,0306,0350,0335,0342,0351,0336,0333,0334,0337,0342,0350,0335,0304,0336,0336,0333,0337,0337,0337
01171:0304,0313,0336,0336,0332,0337,0337,0333,0336,0332,0336,0350,0335,0337,0350,0334,0342,0334,0334,0342,0334,0334,0334,0334,0334,0334,0342,0334,0351,0351,0335,0335,0333,0337,0336,0336,0336,0332,0337,0337,0337
01172:0304,0313,0336,0350,0335,0310,0337,0342,0330,0334,0334,0334,0336,0342,0334,0337,0330,0334,0334,0334,0336,0342,0330,0334,0334,0304,0313,0337,0336,0336,0336,0333,0337,0337,0337
01173:0333,0336,0330,0332,0336,0336,0330,0334,0350,0334,0342,0335,0335,0335,0342,0330,0335,0342,0334,0331,0331,0331,0334,0342,0335,0331,0342,0335,0335,0335,0342,0335,0351,0335,0335,0331,0331,0333,0333,0337,0337,0337
01174:0333,0336,0332,0337,0342,0330,0336,0336,0342,0337,0337,0331,0336,0336,0331,0342,0330,0333,0337,0337
01175:0333,0336,0336,0332,0332,0330,0330,0336,0330,0342,0330,0350,0334,0342,0335,0331,0335,0335,0335,0342,0335,0330,0330,0334,0334,0334,0342,0335,0335,0335,0342,0330,0335,0342,0334,0351,0330,0330,0335,0335,0333,0333,0333,0337,0337,0337
01176:0333,0336,0330,0332,0330,0336,0331,0350,0334,0342,0335,0335,0342,0334,0351,0332,0350,0335,0342,0334,0351,0333,0333,0333,0331,0331,0331,0337,0337
01300:0333,0200,0336,0330,0332,0340,0350,0335,0336,0330,0342,0331,0331,0331,0342,0330,0330,0335,0335,0331,0331,0342,0330,0330,0330,0342,0331,0334,0334,0334,0351,0331,0331,0333,0333,0337,0337
01304:0333,0200,0336,0330,0332,0341,0342,0335,0342,0335,0342,0335,0342,0350,0335,0351,0336,0336,0330,0330,0341,0331,0331,0335,0330,0330,0341,0331,0331,0335,0330,0330,0341,0331,0331,0335,0330,0330,0341,0331,0331,0350,0334,0351,0337,0337,0330,0335,0335,0333,0337
01305:0333,0200,0336,0330,0332,0305,0342,0335,0342,0335,0342,0335,0342,0335,0342,0335,0341,0350,0335,0351,0336,0330,0336,0336,0341,0337,0337,0331,0335,0330,0336,0336,0341,0337,0337,0331,0335,0330,0336,0336,0341,0337,0337,0331,0335,0330,0336,0336,0341,0337,0337,0331,0335,0330,0336,0336,0341,0337,0337,0331,0350,0335,0304,0337,0331,0333,0337
01306:0333,0200,0336,0330,0332,0306,0342,0335,0342,0335,0342,0335,0342,0335,0342,0335,0341,0350,0335,0351,0336,0330,0336,0336,0341,0337,0337,0331,0335,0330,0336,0336,0341,0337,0337,0331,0335,0330,0336,0336,0341,0337,0337,0331,0335,0330,0336,0336,0341,0337,0337,0331,0335,0330,0336,0336,0341,0337,0337,0331,0350,0335,0335,0335,0337,0342,0334,0336,0330,0336,0336,0341,0337,0337,0331,0304,0335,0337,0331,0333,0337
01310:0333,0200,0336,0332,0350,0335,0310,0337,0342,0330,0334,0334,0342,0330,0334,0334,0342,0330,0334,0334,0342,0330,0334,0334,0334,0351,0336,0313,0333,0337
01311:0335,0305,0342,0334,0311,0337,0342,0336,0335,0330,0334,0350,0334,0337,0342,0334,0334,0304,0336,0313,0335,0200,0334,0305,0350,0335,0342,0330,0335,0335,0335,0311,0336,0342,0330,0334,0334,0334,0336,0342,0335,0335,0335,0337,0331,0334,0334,0334,0337,0331,0334,0313,0304,0335
01312:0333,0200,0352,0334,0342,0330,0334,0334,0334,0334,0342,0334,0312,0337,0313,0336,0342,0330,0334,0334,0334,0334,0336,0342,0334,0334,0304,0312,0336,0313,0337,0333,0337
01313:0333,0200,0336,0336,0332,0332,0330,0342,0334,0342,0330,0335,0342,0330,0335,0342,0330,0342,0330,0335,0342,0330,0335,0342,0335,0331,0333,0337,0337
01314:0333,0200,0314,0336,0332,0332,0330,0200,0333,0200,0333,0200,0331,0337,0313
01315:0333,0313,0200,0336,0330,0332,0341,0335,0342,0334,0334,0342,0334,0334,0330,0334,0331,0337
01316:0333,0200,0336,0336,0330,0332,0332,0332,0336,0341,0330,0330,0330,0330,0341,0333,0333,0331,0331,0341,0333,0333,0330,0330,0341,0331,0331,0331,0331,0341,0333,0333,0331,0331,0337,0337,0337,
01317:0333,0200,0336,0336,0330,0332,0336,0330,0333,0337,0342,0336,0330,0334,0337,0337,0342,0330,0336,0342,0330,0335,0336,0342,0331,0342,0332,0330,0337,0337,0333,0333,0331,0337
01320:0333,0200,0336,0336,0330,0332,0337,0320,0204,0336,0333,0331,0337,0337,
01321:0333,0200,0336,0336,0330,0332,0337,0321,0204,0336,0333,0331,0337,0337,
01322:0333,0200,0336,0336,0330,0332,0337,0322,0204,0336,0333,0331,0337,0337,
01323:0333,0200,0336,0336,0330,0332,0337,0323,0204,0336,0333,0331,0337,0337,
01324:0333,0200,0336,0336,0330,0332,0337,0324,0204,0336,0333,0331,0337,0337,
01325:0333,0200,0336,0336,0330,0332,0337,0325,0204,0336,0333,0331,0337,0337,
01326:0333,0200,0336,0336,0330,0332,0337,0326,0204,0336,0333,0331,0337,0337,
01327:0333,0200,0336,0336,0330,0332,0337,0327,0204,0336,0333,0331,0337,0337,
01330:0333,0200,0313,0336,0336,0330,0332,0336,0332,0337,0342,0334,0342,0330,0335,0342,0330,0334,0336,0342,0330,0335,0350,0335,0337,0310,0337,0342,0330,0335,0335,0342,0330,0335,0335,0335,0336,0313,0336,0342,0330,0351,0335,0331,0331,0331,0331,0333,0333,0333,0337,0337,0337
01331:0333,0200,0335,0335,0333,0331,0313,0336,0336,0330,0332,0336,0332,0337,0342,0334,0342,0330,0335,0342,0330,0334,0336,0342,0330,0335,0350,0335,0337,0310,0337,0342,0330,0335,0335,0342,0330,0335,0335,0335,0336,0313,0336,0342,0330,0351,0335,0331,0331,0331,0331,0333,0333,0333,0337,0337,0337,0332,0335,0335,0331
01332:0333,0200,0334,0333,0313,0336,0336,0330,0332,0336,0332,0337,0342,0334,0342,0330,0335,0342,0330,0334,0336,0342,0330,0335,0350,0335,0337,0310,0337,0342,0330,0335,0335,0342,0330,0335,0335,0335,0336,0313,0336,0342,0330,0351,0335,0331,0331,0331,0331,0333,0333,0333,0337,0337,0337,0335,0331
01333:0333,0200,0335,0331,0313,0336,0336,0330,0332,0336,0332,0337,0342,0334,0342,0330,0335,0342,0330,0334,0336,0342,0330,0335,0350,0335,0337,0310,0337,0342,0330,0335,0335,0342,0330,0335,0335,0335,0336,0313,0336,0342,0330,0351,0335,0331,0331,0331,0331,0333,0333,0333,0337,0337,0337,0330,0334
01334:0333,0200,0336,0330,0332,0336,0350,0343,0334,0334,0343,0334,0334,0343,0334,0342,0335,0330,0336,0330,0334,0334,0334,0337,0342,0334,0351,0336,0331,0337,0337,0333,0337
01335:0333,0200,0336,0330,0332,0336,0350,0343,0334,0334,0343,0334,0334,0343,0334,0334,0334,0342,0334,0330,0336,0330,0335,0335,0335,0337,0342,0336,0335,0331,0351,0337,0337,0332,0335,0335,0337,0331
01336:0333,0200,0336,0330,0334,0336,0330,0337,0342,0336,0331,0335,0337,0331,0337
01337:0333,0200,0336,0330,0332,0336,0342,0334,0342,0334,0342,0334,0342,0330,0330,0334,0337,0331,0337
01340:0333,0200,0336,0330,0332,0340,0333,0331,0337
01341:0333,0200,0336,0330,0332,0341,0340,0333,0331,0337
01342:0333,0200,0336,0330,0332,0334,0336,0342,0330,0340,0331,0335,0335,0342,0330,0340,0333,0333,0330,0334,0337,0337
01343:0333,0200,0336,0330,0332,0350,0343,0335,0342,0334,0334,0342,0335,0340,0351,0331,0333,0337
01344:0304,0313,0333,0200,0336,0332,0344,0333,0337
01345:0304,0313,0333,0200,0336,0332,0345,0333,0337
01346:0304,0313,0333,0200,0336,0332,0346,0333,0337
01347:0304,0313,0333,0200,0336,0332,0336,0330,0330,0347,0331,0331,0337,0333,0337,
01350:0333,0200,0336,0330,0332,0350,0335,0342,0335,0335,0342,0334,0336,0336,0342,0330,0330,0342,0331,0331,0351,0337,0337,0334,0333,0331,0337
01351:0333,0200,0336,0332,0330,0350,0335,0336,0336,0342,0330,0330,0342,0330,0330,0342,0331,0331,0331,0331,0335,0337,0337,0342,0335,0342,0334,0351,0333,0330,0334,0337
01352:0333,0200,0336,0330,0332,0335,0350,0352,0334,0334,0334,0342,0335,0335,0336,0336,0342,0330,0330,0342,0331,0331,0335,0335,0342,0330,0330,0342,0331,0331,0335,0335,0337,0337,0342,0335,0335,0335,0351,0353,0330,0334,0334,0333,0337
01353:0333,0200,0336,0330,0332,0335,0350,0352,0334,0342,0335,0335,0342,0335,0335,0336,0336,0342,0330,0330,0342,0331,0331,0334,0334,0334,0334,0334,0334,0342,0330,0330,0342,0331,0331,0335,0335,0335,0351,0353,0337,0337,0333,0330,0334,0337
01360:0333,0200,0336,0200,0332,0330,0336,0342,0334,0342,0340,0335,0337,0331,0333,0337,
01361:0333,0200,0336,0330,0332,0200,0335,0335,0336,0342,0334,0342,0340,0334,0337,0333,0331,0337,
01362:0333,0200,0336,0336,0330,0332,0332,0332,0340,0342,0330,0342,0330,0335,0342,0330,0342,0330,0350,0334,0334,0334,0342,0334,0334,0335,0334,0342,0334,0304,0330,0330,0330,0334,0334,0333,0337,0337,
01363:0304,0313,0333,0200,0336,0332,0330,0336,0330,0332,0335,0342,0330,0342,0330,0335,0342,0330,0342,0330,0334,0350,0334,0342,0334,0334,0342,0340,0335,0304,0331,0333,0337,0337
01365:0313,0304,0333,0200,0336,0330,0332,0336,0331,0332,0337,0350,0350,0334,0342,0335,0335,0342,0334,0304,0333,0350,0350,0334,0342,0335,0335,0342,0334,0304,0336,0333,0331,0337,0337
01200:0333,0200,0336,0336,0330,0332,0337,0200,0336,0331,0333,0337,0337
01201:0304,0313,0333,0200,0336,0336,0330,0330,0332,0332,0332,0335,0336,0337,0337,0342,0330,0335,0350,0335,0336,0336,0342,0335,0335,0342,0335,0304,0337,0331,0331,0333,0337,0337
01005:0333,0200,0336,0336,0330,0332,0337,0200,0306,0350,0334,0336,0201,0334,0334,0334,0334,0201,0335,0335,0335,0335,0201,0334,0334,0334,0334,0201,0335,0335,0335,0335,0335,0304,0331,0332,0337,0337,0333,
01020:0304,0333,0200,0336,0330,0332,0336,0336,0332,0337,0200,0333,0333,0200,0332,0332,0336,0330,0335,0337,0342,0330,0350,0335,0335,0351,0333,0350,0336,0334,0342,0334,0334,0342,0337,0335,0351,0333,0336,0333,0331,0337,0337,0331,0337,0304,0336,0330,0330,0336,0330,0334,0331,0337,0337
01021:0304,0333,0200,0336,0330,0332,0336,0336,0332,0337,0200,0333,0333,0200,0332,0332,0336,0330,0335,0337,0342,0330,0350,0335,0335,0335,0336,0342,0335,0335,0342,0337,0335,0351,0333,0336,0333,0331,0337,0337,0331,0337,0304
01022:0333,0200,0336,0336,0330,0330,0332,0332,0332,0336,0336,0333,0337,0337,0336,0330,0336,0333,0337,0337,0200,0333,0200,0333,0200,0331,0331,0332,0332,0200,0333,0200,0333,0200,0336,0333,0331,0337,0337,0332,0330,0336,0336,0331,0337,0342,0330,0335,0350,0335,0336,0342,0335,0335,0342,0337,0335,0335,0335,0351,0331,0331,0331,0333,0333,0336,0330,0337,0337,0337
01023:0333,0200,0336,0336,0330,0330,0332,0332,0332,0336,0336,0333,0337,0337,0336,0330,0336,0333,0337,0337,0200,0333,0200,0333,0200,0331,0331,0332,0332,0200,0333,0200,0333,0200,0336,0333,0331,0337,0337,0332,0330,0336,0336,0331,0337,0335,0335,0331,0342,0330,0335,0350,0335,0336,0342,0335,0335,0342,0337,0335,0335,0335,0351,0331,0331,0331,0333,0333,0336,0330,0337,0337,0337,0335,0335,0331,0333
01024:0333,0200,0336,0336,0330,0332,0337,0200,0336,0336,0330,0332,0337,0200,0336,0336,0330,0332,0337,0200,0333,0333,0333,0331,0331,0331,0336,0331,0333,0337,0337,0337,0337
01025:0333,0200,0336,0336,0330,0332,0337,0336,0336,0330,0332,0337,0200,0336,0336,0330,0332,0337,0200,0333,0333,0333,0331,0331,0331,0336,0331,0333,0337,0337,0337,0337
01026:0333,0200,0336,0330,0332,0336,0336,0333,0331,0337,0200,0306,0335,0342,0332,0342,0330,0335,0335,0342,0335,0335,0335,0335,0331,0334,0304,0332,0306,0335,0342,0330,0350,0335,0342,0334,0331,0335,0304,0334,0331,0332,0335,0336,0332,0337,0342,0330,0350,0335,0335,0335,0336,0342,0335,0335,0342,0335,0304,0331,0331,0331,0331,0333,0333,0333,0333,0333,0337,0337,0337
01027:0333,0200,0336,0330,0332,0336,0336,0333,0331,0337,0332,0200,0306,0335,0342,0332,0342,0330,0335,0335,0342,0335,0335,0335,0335,0331,0334,0304,0332,0306,0335,0342,0330,0350,0335,0342,0334,0331,0335,0304,0334,0331,0333,0333,0330,0335,0342,0330,0350,0335,0335,0335,0336,0342,0335,0335,0342,0335,0304,0331,0331,0331,0331,0331,0333,0337,0337,0337
01010:0333,0200,0350,0334,0310,0337,0342,0336,0332,0335,0335,0337,0342,0336,0333,0334,0351,0313
01030:0333,0200,0336,0332,0337,0350,0350,0350,0342,0335,0342,0335,0342,0335,0342,0335,0342,0335,0342,0334,0334,0334,0334,0334,0334,0342,0334,0342,0334,0342,0334,0342,0334,0334,0342,0335,0335,0335,0335,0335,0335,0335,0335,0335,0335,0335,0335,0342,0334,0334,0334,0334,0334,0334,0304,0343,0336,0333,0337
01031:0333,0200,0336,0330,0332,0336,0332,0331,0123,0126,0107,0330,0330,0332,0332,0330,0335,0335,0336,0330,0332,0337,0201,0335,0350,0335,0336,0342,0335,0335,0342,0334,0304,0333,0333,0333,0333,0331,0331,0331,0331,0331,0332,0336,0333,0336,0332,0337,0337,0337,0337,0337,
0200:0304,0342,0330,0334,0342,0330,0334,0342,0330,0334,0342,0330,0334
0201:0342,0330,
01201:0304,0313,0333,0200,0336,0336,0330,0330,0332,0332,0332,0335,0336,0337,0337,0342,0330,0335,0350,0335,0336,0336,0342,0335,0335,0342,0335,0304,0337,0331,0331,0333,0337,0337
01344:0333,0200,0336,0330,0332,0336,0332,0340,0335,0337,0342,0330,0340,0334,0332,0336,0331,0332,0331,0337,0337,0202,
0202:0304,0313,0350,0335,0336,0336,0342,0333,0342,0333,0342,0333,0342,0333,0334,0304,0337,0337,
01345:0202,0200,0350,0334,0343,0335,0304,
01346:0202,0200,0350,0334,0332,0335,0335,0343,0333,0335,0304,0334,
01202:0202,0200,
01203:0304,0313,0202,0332,0333,0200,0336,0336,0330,0330,0332,0332,0332,0335,0336,0337,0337,0342,0330,0335,0350,0335,0336,0336,0342,0335,0335,0342,0335,0304,0337,0331,0331,0333,0337,0337,
0203:0344,0330
0204:0362,0203,0334,0203,0334,0203,0334,0203,0334,0363
01204:0202,0200,0336,0336,0330,0332,0337,0200,0336,0331,0333,0337,0337,
01365:0313,0304,0333,0200,0336,0330,0332,0336,0331,0332,0337,0350,0350,0334,0342,0335,0335,0342,0334,0304,0333,0350,0350,0334,0342,0335,0335,0342,0334,0304,0336,0333,0331,0337,0337
01205:0202,0200,0336,0336,0330,0332,0332,0332,0330,0205,0331,0331,0332,0337,0337,0333,
0205:0362,0203,0335,0203,0203,0335,0203,0335,0203,0203,0335,0363,0336,0330,0333,0336,0331,0332,0337,0365,0336,0332,0331,0337,0337,
0206:0336,0332,0337,0362,0203,0334,0336,0203,0335,0350,0335,0337,0310,0337,0203,0335,0335,0203,0335,0304,0335,0336,0313,0336,0203,0334,0337,0203,0363,0335,0335,0336,0332,0337,
01206:0202,0200,0336,0332,0206,0333,0337,
01366:0333,0200,0336,0336,0332,0332,0332,0330,0335,0337,0366,0340,0342,0330,0332,0335,0335,0367,0335,0336,0333,0330,0337,0337,0331
01367:0333,0200,0336,0336,0332,0332,0332,0330,0335,0337,0366,0330,0332,0335,0335,0367,0335,0336,0340,0334,0337,0342,0336,0333,0330,0337,0337,0331,0335,0331,0336,0332,0337,
01370:0333,0200,0336,0336,0332,0332,0336,0330,0337,0337,0342,0330,0336,0342,0331,0335,0342,0330,0336,0342,0330,0334,0342,0330,0337,0342,0330,0337,0336,0336,0342,0330,0334,0342,0330,0342,0330,0342,0330,0335,0331,0331,0331,0331,0331,0333,0333,0335,0335,0342,0330,0334,0350,0334,0342,0334,0334,0342,0335,0351,0332,0332,0330,0330,0330,0333,0335,0306,0342,0336,0331,0337,0337,0342,0330,0334,0334,0342,0330,0334,0334,0342,0330,0334,0334,0304,0334,0333,0333,0336,0336,0332,0337,0337,0337,0331,0337
01371:0333,0200,0336,0336,0332,0332,0336,0330,0337,0337,0342,0330,0336,0342,0331,0335,0342,0330,0336,0342,0330,0334,0342,0330,0337,0342,0330,0337,0336,0336,0342,0330,0334,0342,0330,0342,0330,0342,0330,0335,0331,0331,0332,0332,0335,0342,0330,0334,0334,0350,0335,0342,0334,0334,0342,0335,0335,0335,0351,0333,0336,0331,0331,0331,0333,0335,0337,0337,0306,0342,0330,0334,0334,0342,0330,0334,0334,0342,0330,0334,0334,0304,0330,0330,0336,0336,0331,0334,0337,0337,0337,0331,0336,0336,0336,0330,0337,0337,0337,0337
01372:0333,0200,0336,0336,0332,0332,0336,0330,0337,0337,0342,0330,0336,0342,0331,0335,0342,0330,0336,0342,0330,0334,0342,0330,0337,0342,0330,0337,0336,0336,0342,0330,0334,0342,0330,0342,0330,0342,0330,0335,0331,0331,0331,0331,0331,0333,0333,0335,0335,0342,0330,0334,0350,0334,0342,0334,0334,0342,0335,0351,0332,0332,0330,0330,0330,0336,0331,0333,0337,0337,0342,0330,0335,0342,0330,0335,0342,0330,0335,0342,0330,0335,0333,0333,0336,0336,0332,0337,0337,0337,0331,0336,0336,0336,0330,0337,0337,0337,0337
01373:0333,0200,0336,0336,0332,0332,0336,0330,0337,0337,0342,0330,0336,0342,0331,0335,0342,0330,0336,0342,0330,0334,0342,0330,0337,0342,0330,0337,0336,0336,0342,0330,0334,0342,0330,0342,0330,0342,0330,0335,0331,0331,0332,0332,0335,0342,0330,0334,0334,0350,0335,0342,0334,0334,0342,0335,0335,0335,0351,0333,0331,0331,0336,0330,0333,0337,0337,0342,0330,0335,0342,0330,0335,0342,0330,0335,0342,0330,0335,0333,0333,0331,0331,0336,0336,0330,0332,0337,0337,0337,0337
01374:0333,0200,0336,0336,0332,0332,0336,0330,0337,0337,0342,0330,0336,0342,0331,0335,0342,0330,0336,0342,0330,0334,0342,0330,0337,0342,0330,0337,0336,0336,0342,0330,0334,0342,0330,0342,0330,0342,0330,0335,0331,0331,0331,0331,0331,0333,0333,0335,0335,0342,0330,0334,0350,0334,0342,0334,0334,0342,0335,0351,0332,0332,0330,0330,0330,0333,0335,0305,0342,0330,0334,0342,0330,0334,0342,0330,0334,0342,0330,0334,0342,0330,0334,0304,0334,0333,0333,0333,0331,0331,0331,0331,0337,0337,0337
01375:0333,0200,0336,0336,0332,0332,0336,0330,0337,0337,0342,0330,0336,0342,0331,0335,0342,0330,0336,0342,0330,0334,0342,0330,0337,0342,0330,0337,0336,0336,0342,0330,0334,0342,0330,0342,0330,0342,0330,0335,0331,0331,0332,0332,0335,0342,0330,0334,0334,0350,0335,0342,0334,0334,0342,0335,0335,0335,0351,0333,0331,0331,0333,0330,0335,0305,0342,0330,0334,0342,0330,0334,0342,0330,0334,0342,0330,0334,0342,0330,0334,0304,0330,0330,0330,0334,0331,0331,0331,0331,0337,0337,0337
01376:0333,0200,0336,0336,0332,0332,0336,0330,0337,0337,0342,0330,0336,0342,0331,0335,0342,0330,0336,0342,0330,0334,0342,0330,0337,0342,0330,0337,0336,0336,0342,0330,0334,0342,0330,0342,0330,0342,0330,0335,0331,0331,0331,0331,0331,0333,0333,0335,0335,0342,0330,0334,0350,0334,0342,0334,0334,0342,0335,0351,0332,0332,0330,0330,0330,0335,0330,0306,0342,0330,0334,0342,0330,0334,0342,0330,0334,0342,0330,0334,0342,0330,0334,0342,0330,0334,0304,0330,0330,0330,0334,0337,0337,0331,0337
01377:0333,0200,0336,0336,0332,0332,0336,0330,0337,0337,0342,0330,0336,0342,0331,0335,0342,0330,0336,0342,0330,0334,0342,0330,0337,0342,0330,0337,0336,0336,0342,0330,0334,0342,0330,0342,0330,0342,0330,0335,0331,0331,0332,0332,0335,0342,0330,0334,0334,0350,0335,0342,0334,0334,0342,0335,0335,0335,0351,0333,0331,0333,0335,0306,0342,0330,0334,0342,0330,0334,0342,0330,0334,0342,0330,0334,0342,0330,0334,0342,0330,0334,0304,0333,0330,0330,0330,0334,0331,0331,0331,0337,0337,0337
0600:0122,0157,0157,0164,040,0115,0141,0147,0151,0143,040,0133,060,060,055,060,063,067,0135,
0601:0106,0157,0156,0164,040,0133,060,064,060,055,060,061,067,066,0135,
0602:0123,0150,0141,0160,0145,0163,040,0133,060,062,060,060,055,060,062,067,067,0135,
0603:0107,0145,0157,0155,0145,0164,0162,0171,040,0101,0143,0164,0151,0157,0156,0163,040,0133,060,063,060,060,055,060,063,067,067,0135,
0604:0111,0155,0141,0147,0145,0163,040,0133,060,065,060,060,055,060,065,067,067,0135,
0605:0127,0157,0162,0144,0163,040,0133,060,066,060,060,055,060,066,067,067,0135,
0606:0115,0141,0164,0150,040,0133,060,067,060,060,055,060,067,067,067,0135,
0274:0333,0331,0362,0203,0334,0203,0334,0203,0334,0203,0334,0363,0330,0332,
0250:0305,0311,0336,0362,0203,0335,0350,0335,0337,0203,0305,0335,0335,0203,0363,0335,0350,0335,0305,
0251:0305,0311,0336,0362,0203,0334,0350,0334,0337,0203,0305,0334,0334,0203,0363,0334,0350,0334,0305,
0252:0305,0311,0337,0362,0203,0335,0335,0203,0335,0350,0335,0336,0203,0363,0335,0335,0335,0305,
0253:0305,0311,0337,0362,0203,0334,0334,0203,0334,0350,0334,0336,0203,0363,0334,0334,0334,0305,
0254:0305,0311,0335,0362,0203,0335,0335,0336,0203,0335,0203,0363,0335,0337,
0255:0311,0305,0334,0362,0203,0334,0334,0336,0203,0334,0203,0363,0334,0337,
0256:0305,0311,0335,0362,0203,0335,0335,0337,0203,0335,0335,0336,0203,0363,
0257:0305,0311,0334,0362,0203,0334,0334,0337,0203,0334,0334,0336,0203,0363,
0260:0311,0305,0333,0350,0334,0337,0362,0203,0305,0334,0334,0336,0203,0334,0203,0363,0334,0334,0334,0330,0335,0335,0350,0334,0305,
0261:0311,0305,0332,0350,0335,0305,0337,0362,0203,0335,0335,0336,0203,0335,0203,0363,0331,0350,0335,0335,0335,0305,0336,0331,0337,
01250:0333,0200,0336,0332,0330,0250,0304,0313,0331,0333,0337,
01251:0333,0200,0336,0332,0330,0251,0304,0313,0331,0333,0337,
01252:0333,0200,0336,0332,0330,0252,0304,0313,0331,0333,0337,
01253:0333,0200,0336,0332,0330,0253,0304,0313,0331,0333,0337,
01254:0333,0200,0336,0332,0330,0254,0304,0313,0331,0333,0337,
01255:0333,0200,0336,0332,0330,0255,0304,0313,0331,0333,0337,
01256:0333,0200,0336,0332,0330,0256,0304,0313,0331,0333,0337,
01257:0333,0200,0336,0332,0330,0257,0304,0313,0331,0333,0337,
01260:0333,0200,0336,0332,0330,0260,0304,0313,0331,0333,0337,
01261:0333,0200,0336,0332,0330,0261,0304,0313,0331,0333,0337,
0176:0330,0336,0336,0336,0331,0331,0333,0333,0341,0331,0331,0331,0331,0331,0331,0333,0333,0333,0333,0337,0337,0337,
045:0336,0333,0330,0336,0332,0330,0335,0335,0366,0335,0332,0332,0331,0367,0335,0335,0366,0335,0335,0334,0332,0331,0331,0334,0336,0331,0337,0367,0336,0335,0335,0366,0332,0332,0334,0333,0337,0336,0334,0334,0367,0337,0335,0335,0201,0336,0342,0335,0335,0331,0331,0333,0333,0333,0333,0337,0337,0337,
01364:0304,0313,0333,0200,0336,0332,0330,0336,0330,0332,0335,0342,0330,0342,0330,0335,0342,0330,0342,0330,0334,0350,0334,0342,0334,0334,0342,0340,0335,0304,0331,0333,0337,0337,0332,0202,
0640:012,074,0144,0151,0166,040,0143,0154,0141,0163,0163,040,075,040,042,0141,0164,0157,0155,042,076,012,011
01600:0333,0200,0332,0336,0336,0333,0334,0366,0333,0333,0330,0335,0335,0367,0366,0332,0332,0334,0334,0331,0367,0335,0331,0331,0331,0337,0326,0333,0200,0320,0336,0333,0331,0337,0337,
0641:012,074,057,0144,0151,0166,076,012
01641:0333,0200,0336,0336,0330,0332,0337,0326,0200,0320,0336,0331,0335,0366,0330,0332,0332,0334,0334,0367,0366,0333,0333,0330,0335,0335,0367,0334,0333,0337,0337,0331,
0642:074,0144,0151,0166,040,0143,0154,0141,0163,0163,040,075,040,042,0145,0161,0165,0141,0164,0151,0157,0156,042,076,012,011,044,044,
01642:0333,0200,0332,0336,0336,0333,0334,0366,0333,0333,0330,0335,0335,0367,0366,0332,0332,0334,0334,0331,0367,0335,0331,0331,0331,0337,0322,075,0200,0320,0336,0333,0331,0337,0337,
0643:044,044,012,074,057,0144,0151,0166,076,012
01643:0333,0200,0335,0335,0331,0336,0336,0333,0334,0366,0333,0333,0330,0335,0335,0367,0366,0332,0332,0334,0334,0331,0367,0335,0331,0331,0331,0337,0322,075,0200,0320,0336,0333,0331,0337,0337,0335,0335,0333,0331,
0500:012,074,0163,0166,0147,040,0167,0151,0144,0164,0150,075,040,042,064,060,060,042,040,0150,0145,0151,0147,0150,0164,075,040,042,064,060,060,042,040,0166,0151,0145,0167,0142,0157,0170,040,075,040,042,060,040,060,040,064,060,060,040,064,060,060,042,040,040,0170,0155,0154,0156,0163,075,040,042,0150,0164,0164,0160,072,057,057,0167,0167,0167,056,0167,063,056,0157,0162,0147,057,062,060,060,060,057,0163,0166,0147,042,040,0163,0164,0171,0154,0145,040,075,040,042,0142,0157,0162,0144,0145,0162,072,0163,0157,0154,0151,0144,073,042,076,012
0501:012,074,057,0163,0166,0147,076,
0600:074,041,0104,0117,0103,0124,0131,0120,0105,040,0150,0164,0155,0154,076,012,074,0150,0164,0155,0154,076,012,074,0150,0145,0141,0144,076,012,074,0163,0143,0162,0151,0160,0164,040,0163,0162,0143,075,042,0150,0164,0164,0160,0163,072,057,057,0143,0144,0156,0152,0163,056,0143,0154,0157,0165,0144,0146,0154,0141,0162,0145,056,0143,0157,0155,057,0141,0152,0141,0170,057,0154,0151,0142,0163,057,0155,0141,0164,0150,0152,0141,0170,057,062,056,067,056,060,057,0115,0141,0164,0150,0112,0141,0170,056,0152,0163,077,0143,0157,0156,0146,0151,0147,075,0124,0145,0130,055,0101,0115,0123,055,0115,0115,0114,0137,0110,0124,0115,0114,0157,0162,0115,0115,0114,042,076,074,057,0163,0143,0162,0151,0160,0164,076,012,074,0163,0143,0162,0151,0160,0164,040,0163,0162,0143,040,075,040,042,0150,0164,0164,0160,0163,072,057,057,0143,0144,0156,0152,0163,056,0143,0154,0157,0165,0144,0146,0154,0141,0162,0145,056,0143,0157,0155,057,0141,0152,0141,0170,057,0154,0151,0142,0163,057,0155,0141,0164,0150,0152,0163,057,063,056,061,062,056,061,057,0155,0141,0164,0150,056,0152,0163,042,076,012,074,057,0163,0143,0162,0151,0160,0164,076,012,074,0163,0143,0162,0151,0160,0164,076,012,0115,0141,0164,0150,0112,0141,0170,056,0110,0165,0142,056,0103,0157,0156,0146,0151,0147,050,0173,012,040,040,0164,0145,0170,062,0152,0141,0170,072,040,0173,012,040,040,040,040,0151,0156,0154,0151,0156,0145,0115,0141,0164,0150,072,040,0133,0133,047,044,047,054,047,044,047,0135,054,040,0133,047,0134,0134,050,047,054,047,0134,0134,051,047,0135,0135,054,012,040,040,040,040,0160,0162,0157,0143,0145,0163,0163,0105,0163,0143,0141,0160,0145,0163,072,040,0164,0162,0165,0145,012,040,040,0175,012,0175,051,073,074,057,0163,0143,0162,0151,0160,0164,076,012,074,057,0150,0145,0141,0144,076,012,074,0142,0157,0144,0171,076,
0601:074,0163,0164,0171,0154,0145,076,012,012,056,0141,0164,0157,0155,0173,012,011,0167,0151,0144,0164,0150,072,040,065,0151,0156,073,012,011,0150,0145,0151,0147,0150,0164,072,040,0141,0165,0164,0157,073,012,011,0142,0157,0162,0144,0145,0162,055,0163,0164,0171,0154,0145,072,040,0163,0157,0154,0151,0144,073,012,011,0142,0157,0162,0144,0145,0162,055,0167,0151,0144,0164,0150,072,040,064,0160,0170,073,012,011,0142,0157,0162,0144,0145,0162,055,0143,0157,0154,0157,0162,072,040,0160,0165,0162,0160,0154,0145,073,012,011,0142,0157,0162,0144,0145,0162,055,0162,0141,0144,0151,0165,0163,072,040,065,0160,0170,073,012,011,0160,0141,0144,0144,0151,0156,0147,072,040,056,065,0151,0156,040,056,065,0151,0156,040,056,065,0151,0156,040,056,065,0151,0156,073,012,011,0155,0141,0162,0147,0151,0156,072,040,061,060,0160,0170,040,061,060,0160,0170,040,061,060,0160,0170,040,061,060,0160,0170,073,012,011,0142,0141,0143,0153,0147,0162,0157,0165,0156,0144,072,040,043,0146,061,0145,067,0143,0144,073,011,012,011,0146,0157,0156,0164,055,0163,0151,0172,0145,072,040,061,066,0160,0170,073,012,011,0146,0157,0156,0164,055,0146,0141,0155,0151,0154,0171,072,040,042,0103,0145,0156,0164,0165,0162,0171,040,0123,0143,0150,0157,0157,0154,0142,0157,0157,0153,042,073,012,011,0164,0145,0170,0164,055,0141,0154,0151,0147,0156,072,040,0152,0165,0163,0164,0151,0146,0171,073,012,011,0146,0154,0157,0141,0164,072,0154,0145,0146,0164,073,012,0175,012,056,0145,0161,0165,0141,0164,0151,0157,0156,0173,012,011,0167,0151,0144,0164,0150,072,040,0141,0165,0164,0157,073,012,011,0150,0145,0151,0147,0150,0164,072,040,0141,0165,0164,0157,073,012,011,0142,0157,0162,0144,0145,0162,055,0163,0164,0171,0154,0145,072,040,0163,0157,0154,0151,0144,073,012,011,0142,0157,0162,0144,0145,0162,055,0167,0151,0144,0164,0150,072,040,061,0160,0170,073,012,011,0142,0157,0162,0144,0145,0162,055,0143,0157,0154,0157,0162,072,040,0157,0162,0141,0156,0147,0145,073,012,011,0142,0157,0162,0144,0145,0162,055,0162,0141,0144,0151,0165,0163,072,040,065,0160,0170,073,012,011,0160,0141,0144,0144,0151,0156,0147,072,040,065,0160,0170,040,065,0160,0170,040,065,0160,0170,040,065,0160,0170,073,012,011,0155,0141,0162,0147,0151,0156,072,040,061,060,0160,0170,040,061,060,0160,0170,040,061,060,0160,0170,040,061,060,0160,0170,073,012,012,0175,012,012,074,057,0163,0164,0171,0154,0145,076,012,074,057,0142,0157,0144,0171,076,012,074,057,0150,0164,0155,0154,076,
0240:0333,0200,0336,0336,0332,0330,0332,0336,0333,0337,0201,0201,0335,0336,0342,0335,0335,0201,0201,0201,0332,0343,0335,0335,0333,0201,0335,0201,0201,0335,0335,0330,0330,0201,0201,0333,0333,0333,0333,0333,0330,0330,0337,0337,0337,0331,
0400:0600,0640
0402:0500,03,0337,0336,0332,0337,0340,0336,0336,0101,0103,0101,0102,0365,0337,0337,0341,0333,0340,0341,0240,0501,06
0410:074,0160,076,012,0104,0145,0162,0160,056,012,074,0160,076,
0477:,0641,0601