0200:0304,0342,0330,0334,0342,0330,0334,0342,0330,0334,0342,0330,0334
0201:0342,0330,
0202:0304,0313,0350,0335,0336,0336,0342,0333,0342,0333,0342,0333,0342,0333,0334,0304,0337,0337,
0203:0344,0330
0204:0362,0203,0334,0203,0334,0203,0334,0203,0334,0363
0205:0362,0203,0335,0203,0203,0335,0203,0335,0203,0203,0335,0363,0336,0330,0333,0336,0331,0332,0337,0365,0336,0332,0331,0337,0337,
0206:0336,0332,0337,0362,0203,0334,0336,0203,0335,0350,0335,0337,0310,0337,0203,0335,0335,0203,0335,0304,0335,0336,0313,0336,0203,0334,0337,0203,0363,0335,0335,0336,0332,0337,
0230:0304,0313,0335,0336,0336,0342,0330,0330,0330,0342,0331,0331,0334,0342,0330,0335,0342,0330,0342,0330,0335,0342,0330,0342,0330,0335,0342,0330,0342,0330,0335,0342,0336,0336,0333,0330,0333,0330,0333,0337,0337,0110,0365,0333,0336,0330,0333,0337,0337,0337
0231:0304,0313,0335,0336,0336,0342,0330,0330,0330,0342,0331,0331,0334,0342,0330,0335,0342,0330,0342,0330,0335,0342,0330,0342,0330,0335,0342,0330,0342,0330,0335,0342,0336,0336,0333,0330,0333,0330,0333,0337,0337,0130,0365,0333,0336,0330,0333,0337,0337,0337
0232:0304,0313,0335,0336,0336,0342,0330,0330,0330,0342,0331,0331,0334,0342,0330,0335,0342,0330,0342,0330,0335,0342,0330,0342,0330,0335,0342,0330,0342,0330,0335,0342,0336,0336,0333,0330,0333,0330,0333,0337,0337,0131,0365,0333,0336,0330,0333,0337,0337,0337
0233:0304,0313,0335,0336,0336,0342,0330,0330,0330,0342,0331,0331,0334,0342,0330,0335,0342,0330,0342,0330,0335,0342,0330,0342,0330,0335,0342,0330,0342,0330,0335,0342,0336,0336,0333,0330,0333,0330,0333,0337,0337,0132,0365,0333,0336,0330,0333,0337,0337,0337
0234:0304,0313,0335,0336,0336,0342,0330,0330,0330,0342,0331,0331,0334,0342,0330,0335,0342,0330,0342,0330,0335,0342,0330,0342,0330,0335,0342,0330,0342,0330,0335,0342,0336,0336,0333,0330,0333,0330,0333,0337,0337,0133,0365,0333,0336,0330,0333,0337,0337,0337
0235:0313,0304,0336,0330,0341,,0350,0335,0342,0335,0335,0342,0335,0335,0342,0335,0335,0342,0335,0304,0330,0337,
0240:0304,0313,0335,0342,0330,0336,0331,0336,0336,0347,0337,0337,0335,0342,0334,0334,0333,0337,
0241:0304,0313,0335,0342,0336,0330,0334,0342,0335,0335,0336,0336,0342,0337,0337,0335,0335,0336,0336,0341,0337,0337,0333,0337,
0242:0304,0313,0335,0336,0336,0310,0336,0313,0342,0330,0334,0342,0337,0342,0330,0335,0342,0330,0342,0330,0342,0330,0335,0342,0330,0342,0330,0335,0342,0330,0342,0330,0342,0330,0335,0342,0330,0333,0336,0333,0331,0337,0306,0343,0350,0335,0310,0337,0342,0330,0336,0336,0336,0336,0336,0335,0335,0335,0335,0335,0342,0335,0335,0342,0335,0335,0335,0335,0335,0337,0337,0337,0337,0337,0331,0336,0334,0313,0304,0336,0331,0332,0332,0332,0330,0330,0332,0337,0337,0310,0337,0313
0243:0304,0313,0335,0342,0336,0330,0334,0342,0335,0335,0336,0336,0342,0337,0337,0335,0335,0336,0336,0350,0335,0342,0335,0335,0342,0335,0335,0342,0335,0335,0342,0335,0304,0337,0337,0333,0337,
0250:0331,0334,0337,0362,0203,0334,0336,0203,0335,0350,0335,0337,0310,0337,0203,0335,0335,0203,0335,0335,0335,0336,0313,0336,0304,0203,0334,0337,0203,0203,0334,0336,0203,0335,0350,0335,0337,0310,0337,0203,0335,0335,0203,0335,0335,0335,0336,0313,0336,0203,0304,0334,0337,0203,0363,0335,0336,0330,
0251:0305,0311,0336,0362,0203,0334,0350,0334,0337,0203,0305,0334,0334,0203,0363,0334,0350,0334,0305,
0252:0305,0311,0337,0362,0203,0335,0335,0203,0335,0350,0335,0336,0203,0363,0335,0335,0335,0305,
0253:0305,0311,0337,0362,0203,0334,0334,0203,0334,0350,0334,0336,0203,0363,0334,0334,0334,0305,
0254:0305,0311,0335,0362,0203,0335,0335,0336,0203,0335,0203,0363,0335,0337,
0255:0311,0305,0334,0362,0203,0334,0334,0336,0203,0334,0203,0363,0334,0337,
0256:0305,0311,0335,0362,0203,0335,0335,0337,0203,0335,0335,0336,0203,0363,
0257:0305,0311,0334,0362,0203,0334,0334,0337,0203,0334,0334,0336,0203,0363,
0260:0336,0335,0366,0330,0330,0332,0335,0334,0330,0331,0331,0331,0332,0332,0336,0336,0330,0337,0337,0367,0335,0335,0366,0332,0332,0332,0331,0367,0335,0337,
0261:0260,0260,0260,0260,
0262:0334,0336,0336,0261,0335,0337,0337,
0263:0336,0336,0201,0334,0331,0331,0337,0337,0342,0336,0336,0333,0333,0337,0337,0342,0336,0330,0335,0336,0201,0337,0337,
0264:0336,0336,0201,0337,0263,0336,0201,0337,0337,
0265:0306,0334,0201,0335,0335,0201,0201,0334,0334,0201,0335,
0266:0336,0336,0336,0265,0265,0265,0337,0337,0337,0304,
0267:0335,0335,0332,0264,0335,0201,0335,0266,0262,
0270:0333,0334,0201,0335,0201,0335,0201,0336,0201,0201,0335,0201,0201,0335,0201,0201,0335,0337,0336,0332,0336,0332,0334,0366,0333,0333,0335,0335,0331,0367,0366,0332,0332,0335,0335,0331,0367,0335,0331,0331,0331,0337,
0271:0365,0336,0331,0332,0337,0333,0333,0337,0333,
0272:0201,0335,0201,0336,0201,0201,0335,0201,0201,0335,0201,0201,0201,0342,0335,0337,0333,0336,0333,0336,0332,0335,0366,0332,0332,0335,0335,0331,0367,0366,0333,0333,0335,0335,0331,0367,0334,0332,0332,0331,0331,0331,0337,0332,0332,
0273:0365,0336,0331,0332,0337,0333,0333,0337,0333,
0274:0333,0331,0362,0203,0334,0203,0334,0203,0334,0203,0334,0363,0330,0332,
01200:0333,0200,0336,0336,0330,0332,0337,0200,0336,0331,0333,0337,0337
01201:0304,0313,0333,0200,0336,0336,0330,0330,0332,0332,0332,0335,0336,0337,0337,0342,0330,0335,0350,0335,0336,0336,0342,0335,0335,0342,0335,0304,0337,0331,0331,0333,0337,0337
01202:0202,0200,
01203:0304,0313,0202,0332,0333,0200,0336,0336,0330,0330,0332,0332,0332,0335,0336,0337,0337,0342,0330,0335,0350,0335,0336,0336,0342,0335,0335,0342,0335,0304,0337,0331,0331,0333,0337,0337,
01204:0202,0200,0336,0336,0330,0332,0337,0200,0336,0331,0333,0337,0337,
01205:0202,0200,0336,0336,0330,0332,0332,0332,0330,0205,0331,0331,0332,0337,0337,0333,
01206:0202,0200,0336,0332,0206,0333,0337,
01230:0333,0200,0332,0330,0336,0331,0337,0230,0336,0336,0336,0333,0333,0336,0332,0337,0337,0337,0331,0337,
01231:0333,0200,0332,0330,0336,0331,0337,0231,0336,0336,0336,0333,0333,0336,0332,0337,0337,0337,0331,0337,
01232:0333,0200,0332,0330,0336,0331,0337,0232,0336,0336,0336,0333,0333,0336,0332,0337,0337,0337,0331,0337,
01233:0333,0200,0332,0330,0336,0331,0337,0233,0336,0336,0336,0333,0333,0336,0332,0337,0337,0337,0331,0337,
01234:0333,0200,0332,0330,0336,0331,0337,0234,0336,0336,0336,0333,0333,0336,0332,0337,0337,0337,0331,0337,
01235:0333,0200,0332,0330,0336,0331,0337,0235,0336,0336,0336,0333,0333,0336,0332,0337,0337,0337,0331,0337,
01236:0333,0200,0336,0330,0335,0331,0331,0337,0236,0334,0336,0331,0337
01240:0333,0200,0336,0330,0332,0335,0342,0340,0335,0342,0335,0342,0335,0333,0331,0337,,
01241:0333,0200,0336,0330,0334,0201,0201,0331,0335,0342,0336,0336,0341,0333,0333,0333,0333,0337,0337,0331,0337,
01242:0333,0200,0336,0330,0332,0331,0330,0332,0310,0337,0313,0242,0310,0336,0313,0333,0333,0331,0337
01243:0333,0200,0336,0330,0334,0201,0201,0331,0335,0342,0336,0350,0335,0342,0335,0335,0342,0335,0335,0342,0335,0335,0342,0335,0304,0336,0333,0333,0333,0333,0337,0337,0331,0337,
01250:0202,0200,0336,0336,0336,0330,0330,0330,0330,0332,0332,0332,0332,0250,0337,0337,0333,0331,0337
01251:0333,0200,0336,0332,0330,0251,0304,0313,0331,0333,0337,
01252:0333,0200,0336,0332,0330,0252,0304,0313,0331,0333,0337,
01253:0333,0200,0336,0332,0330,0253,0304,0313,0331,0333,0337,
01254:0333,0200,0336,0332,0330,0254,0304,0313,0331,0333,0337,
01255:0333,0200,0336,0332,0330,0255,0304,0313,0331,0333,0337,
01256:0333,0200,0336,0332,0330,0256,0304,0313,0331,0333,0337,
01257:0333,0200,0336,0332,0330,0257,0304,0313,0331,0333,0337,
01260:0333,0200,0336,0332,0260,0336,0333,0336,0332,0336,0333,0337,0337,0337,0337,
01261:0333,0200,0336,0332,0334,0336,0333,0331,0337,0261,0336,0335,0331,0331,0331,0336,0333,0333,0331,0331,0337,0337,0331,0337,
01262:0333,0200,0336,0332,0336,0331,0333,0201,0337,0337,0337,0262,0336,0336,0336,0342,0331,0333,0337,0337,0331,
01263:0333,0200,0336,0332,0337,0263,0336,0333,0337,0331,
01264:0333,0200,0336,0332,0337,0264,0336,0333,0337,0331,
01265:0333,0200,0336,0332,0265,0304,0333,0337,0331,
01266:0333,0200,0336,0332,0337,0336,0336,0336,0201,0337,0337,0337,0266,0336,0336,0336,0201,0337,0337,0333,0337,0331,
01270:0333,0200,0332,0336,0336,0333,0334,0366,0333,0333,0335,0335,0331,0367,0366,0332,0332,0335,0335,0331,0367,0331,0330,0336,0331,0337,0331,0366,0332,0332,0335,0335,0331,0367,0366,0333,0333,0335,0335,0331,0367,0335,0333,0336,0333,0337,0337,0337,
01271:0333,0200,0336,0336,0332,0332,0336,0333,0334,0337,0366,0333,0333,0335,0335,0331,0367,0366,0332,0332,0330,0335,0335,0367,0335,0333,0336,0333,0337,0334,0335,0335,0333,0333,0333,0333,0331,0366,0332,0332,0335,0335,0331,0367,0366,0333,0333,0335,0335,0331,0367,0335,0332,0337,0337,0335,0335,0331,
01272:0333,0200,0332,0336,0336,0333,0334,0366,0333,0333,0335,0335,0331,0367,0366,0332,0332,0335,0335,0331,0367,0335,0333,0336,0333,0337,0334,0330,0335,0335,0366,0333,0333,0330,0335,0335,0367,0366,0332,0332,0335,0335,0331,0367,0334,0333,0333,0336,0333,0337,0337,0337,
01273:0333,0200,0336,0332,0336,0336,0332,0335,0337,0366,0332,0332,0335,0335,0331,0367,0366,0333,0333,0335,0335,0331,0367,0330,0330,0334,0336,0333,0337,0335,0331,0366,0333,0333,0330,0335,0335,0367,0366,0332,0332,0330,0335,0335,0367,0334,0333,0337,0337,