0200:0304,0342,0330,0334,0342,0330,0334,0342,0330,0334,0342,0330,0334
0201:0306,0350,0334,0342,0330,0334,0334,0334,0334,0342,0330,0334,0334,0334,0334,0342,0330,0334,0334,0334
0202:0304,0342,0335,0342,0330,0334,0350,0334,0310,0337,0342
0203:0304,0310,0350,0335,0336,0342,0330,0335,0335,0342,0330,0334,0337,0331,0342
0204:0305,0311,0342,0335,0337,0342,0330,0334,0334,0342,0336
0205:0305,0311,0337,0342,0330,0335,0335,0336,0342,0330,0335,0342
0206:0340
0207:0300,0330,0330,0332,0332,0332,0332,0336,0777,0300,0305,0300,0317,0777,0300
0211:0304,0336,0336,0336,0342,0330,0337,0342,0330,0335,0342,0334,0334,0342,0335,0330,0334,0342,0334,0334,0342,0334,0342,0330,0336,0342,0330,0337,0337,0337
0212:0304,0313,0336,0336,0335,0342,0334,0334,0342,0330,0350,0335,0335,0335,0310,0337,0342,0330,0335,0335,0342,0330,0335,0335,0335,0351,0336,0330,0334,0313,0337,0337
0213:0304,0314,0336,0336,0777,0333,0336,0333,0337,0777,0336,0332,0332,0334,0334,0777,0777,0335,0335,0333,0333,0337,0337,0337
0214:0304,0336,0336,0336,0336,0342,0330,0337,0337,0337,0337,0314,0336,0337,0334,0336,0336,0333,0777,0337,0337,0213,0213,0213,0213,0336,0336,0777,0333,0335,0342,0330,0336,0336,0336,0336,0342,0330,0337,0337,0337,0337,0337,0337,0313
0215:0304,0342,0314,0336,0330,0313,0336,0332,0304,0350,0335,0337,0310,0337,0342,0336,0333,0334,0334,0337,0342,0336,0313,0336,0332,0335,0351,0330,0330,0330,0330,0314,0337,0313,0337
0216:0304,0314,0336,0342,0330,0334,0313,0336,0342,0334,0334,0342,0335,0335,0337,0314,0335,0313,0336,0332,0304,0350,0337,0342,0336,0335,0337,0310,0337,0342,0336,0333,0334,0342,0334,0337,0342,0336,0313,0336,0332,0335,0351,0330,0330,0334,0342,0335,0335,0342,0334,0342,0330,0342,0330,0314,0337,0313,0337
0217:0313,0304,0336,0336,0330,0341,0336,0336,0336,0331,0331,0331,0332,0332,0332,0332,0331,0337,0337,0337,0777,0777,0777,0331,0332,0337,0337,0336,0336,0336,0333,0330,0337,0337,0337
0220:0304,0313,0336,0336,0334,0342,0335,0335,0342,0334,0314,0336,0330,0330,0335,0342,0334,0334,0342,0332,0342,0330,0342,0331,0331,0331,0342,0330,0342,0330,0335,0331,0337,0313,0337,0337,0334,0334
0221:0304,0336,0336,0777,0777,0334,0334,0777,0777,0335,0342,0330,0336,0336,0336,0330,0341,0331,0337,0337,0337,0331,0336,0331,0342,0330,0335,0330,0330,0330,0330,0335,0337,0337,0337,0342,0333,0342,0330
0222:0304,0314,0336,0313,0336,0342,0330,0330,0330,0330,0330,0342,0331,0331,0337,0341,0332,0336,0350,0335,0342,0335,0335,0342,0335,0335,0342,0335,0335,0342,0337,0335,0351,0333,0333,0336,0350,0334,0342,0335,0335,0342,0335,0335,0342,0335,0335,0342,0335,0335,0335,0351,0332,0332,0330,0330,0330,0337,0314,0337,0313
0223:0304,0336,0336,0342,0330,0330,0330,0342,0331,0331,0334,0337,0342,0335,0335,0342,0336,0334,0330,0330,0335,0350,0335,0337,0310,0337,0342,0335,0335,0342,0335,0335,0335,0351,0336,0313,0336,0330,0337,0337
0224:0304,0313,0336,0336,0336,0342,0330,0337,0330,0341,0330,0341,0330,0336,0342,0330,0337,0337,0337
0225:0304,0313,0336,0336,0336,0342,0330,0337,0342,0330,0334,0342,0335,0335,0342,0334,0330,0335,0342,0335,0335,0342,0350,0334,0310,0337,0342,0334,0334,0342,0334,0334,0334,0351,0336,0313,0342,0330,0336,0342,0330,0337,0337,0337
0226:0300
0227:0300
