01200:0333,0200,0336,0336,0330,0332,0337,0200,0336,0331,0333,0337,0337
01201:0333,0200,0201,0201,0201,0201,0201,0201,0337,0337,0337,0337,0330,0334,0331,0313,0336,0336,0336,0330,0333,0337,0337,0337,0337
01202:0333,0200,0336,0332,0330,0200,0310,0202,0202,0202,0202,0334,0334,0337,0337,0337,0337,0313,0333,0331,0337
01203:0333,0200
01204:0333,0200
01205:0333,0200
01206:0333,0200
01207:0333,0200
01210:0333,0200,0336,0330,0335,0331,0331,0337,0210,0334,0336,0331,0337
01211:0333,0200,0336,0330,0335,0331,0331,0337,0211,0334,0336,0331,0337
01212:0333,0200,0336,0330,0332,0335,0335,0331,0342,0330,0335,0310,0336,0342,0330,0334,0334,0350,0335,0337,0342,0330,0334,0334,0342,0330,0334,0334,0334,0336,0342,0335,0335,0351,0332,0337,0313,0333,0331,0337
01213:0333,0200
01214:0333,0200,0336,0330,0335,0331,0331,0337,0214,0334,0336,0331,0337
01215:0333,0200,0336,0330,0335,0331,0331,0337,0215,0334,0336,0331,0337
01216:0333,0200,0336,0330,0335,0331,0331,0337,0216,0334,0336,0331,0337
01217:0333,0200,0336,0330,0332,0336,0331,0337,0337,0217,0336,0336,0333,0333,0331,0337,0337
01220:0333,0200,0336,0330,0332,0336,0331,0334,0334,0337,0337,0777,0336,0342,0333,0336,0331,0337,0337
01221:0333,0200,0336,0330,0332,0777,0334,0336,0331,0337,0337
01222:0333,0200,0336,0332,0337,0777,0336,0333,0337,0331
01223:0333,0200,0332,0336,0330,0335,0337,0777,0336,0334,0331,0337
01224:0333,0200,0336,0332,0337,0777,0336,0333,0337,0331
01225:0333,0200,0336,0332,0337,0777,0336,0333,0337,0331
01226:0333,0200
01227:0333,0200